Order: 1 
 +---------+----------+----------+----------+
| State   |     P(i) |   P(0|i) |   P(1|i) |
+=========+==========+==========+==========+
| (0,)    | 0.295293 | 0.314337 | 0.685663 |
+---------+----------+----------+----------+
| (1,)    | 0.704707 | 0.287313 | 0.712313 |
+---------+----------+----------+----------+
Order: 2 
 +---------+-----------+----------+----------+
| State   |      P(i) |   P(0|i) |   P(1|i) |
+=========+===========+==========+==========+
| (0, 0)  | 0.0867964 | 0        | 1        |
+---------+-----------+----------+----------+
| (0, 1)  | 0.216202  | 0.318735 | 0.678832 |
+---------+-----------+----------+----------+
| (1, 0)  | 0.200947  | 0.492147 | 0.507853 |
+---------+-----------+----------+----------+
| (1, 1)  | 0.495529  | 0.272824 | 0.727176 |
+---------+-----------+----------+----------+
Order: 3 
 +-----------+-----------+----------+----------+
| State     |      P(i) |   P(0|i) |   P(1|i) |
+===========+===========+==========+==========+
| (0, 0, 1) | 0.0939227 | 0.319328 | 0.680672 |
+-----------+-----------+----------+----------+
| (0, 1, 0) | 0.0702447 | 0.539326 | 0.460674 |
+-----------+-----------+----------+----------+
| (0, 1, 1) | 0.141279  | 0.27933  | 0.72067  |
+-----------+-----------+----------+----------+
| (1, 0, 0) | 0.0805051 | 0        | 1        |
+-----------+-----------+----------+----------+
| (1, 0, 1) | 0.116811  | 0.304054 | 0.689189 |
+-----------+-----------+----------+----------+
| (1, 1, 0) | 0.138122  | 0.474286 | 0.525714 |
+-----------+-----------+----------+----------+
| (1, 1, 1) | 0.357537  | 0.269316 | 0.730684 |
+-----------+-----------+----------+----------+
Order: 4 
 +--------------+-----------+----------+----------+
| State        |      P(i) |   P(0|i) |   P(1|i) |
+==============+===========+==========+==========+
| (0, 0, 1, 0) | 0.0221053 | 0.571429 | 0.428571 |
+--------------+-----------+----------+----------+
| (0, 0, 1, 1) | 0.06      | 0.245614 | 0.754386 |
+--------------+-----------+----------+----------+
| (0, 1, 0, 0) | 0.0294737 | 0        | 1        |
+--------------+-----------+----------+----------+
| (0, 1, 0, 1) | 0.0431579 | 0.317073 | 0.682927 |
+--------------+-----------+----------+----------+
| (0, 1, 1, 0) | 0.0473684 | 0.533333 | 0.466667 |
+--------------+-----------+----------+----------+
| (0, 1, 1, 1) | 0.106316  | 0.287129 | 0.712871 |
+--------------+-----------+----------+----------+
| (1, 0, 0, 1) | 0.0978947 | 0.27957  | 0.72043  |
+--------------+-----------+----------+----------+
| (1, 0, 1, 0) | 0.0315789 | 0.666667 | 0.333333 |
+--------------+-----------+----------+----------+
| (1, 0, 1, 1) | 0.0726316 | 0.362319 | 0.637681 |
+--------------+-----------+----------+----------+
| (1, 1, 0, 0) | 0.0610526 | 0        | 1        |
+--------------+-----------+----------+----------+
| (1, 1, 0, 1) | 0.0652632 | 0.370968 | 0.612903 |
+--------------+-----------+----------+----------+
| (1, 1, 1, 0) | 0.0989474 | 0.414894 | 0.585106 |
+--------------+-----------+----------+----------+
| (1, 1, 1, 1) | 0.261053  | 0.270161 | 0.729839 |
+--------------+-----------+----------+----------+
Order: 5 
 +-----------------+------------+-----------+----------+
| State           |       P(i) |    P(0|i) |   P(1|i) |
+=================+============+===========+==========+
| (0, 0, 1, 0, 0) | 0.00921053 | 0         | 1        |
+-----------------+------------+-----------+----------+
| (0, 0, 1, 0, 1) | 0.0184211  | 0.357143  | 0.642857 |
+-----------------+------------+-----------+----------+
| (0, 0, 1, 1, 0) | 0.0131579  | 0.3       | 0.7      |
+-----------------+------------+-----------+----------+
| (0, 0, 1, 1, 1) | 0.0434211  | 0.272727  | 0.727273 |
+-----------------+------------+-----------+----------+
| (0, 1, 0, 0, 1) | 0.0394737  | 0.266667  | 0.733333 |
+-----------------+------------+-----------+----------+
| (0, 1, 0, 1, 0) | 0.00789474 | 0.5       | 0.5      |
+-----------------+------------+-----------+----------+
| (0, 1, 0, 1, 1) | 0.0157895  | 0.0833333 | 0.916667 |
+-----------------+------------+-----------+----------+
| (0, 1, 1, 0, 0) | 0.0184211  | 0         | 1        |
+-----------------+------------+-----------+----------+
| (0, 1, 1, 0, 1) | 0.0263158  | 0.55      | 0.45     |
+-----------------+------------+-----------+----------+
| (0, 1, 1, 1, 0) | 0.0302632  | 0.434783  | 0.565217 |
+-----------------+------------+-----------+----------+
| (0, 1, 1, 1, 1) | 0.0592105  | 0.311111  | 0.688889 |
+-----------------+------------+-----------+----------+
| (1, 0, 0, 1, 0) | 0.0315789  | 0.708333  | 0.291667 |
+-----------------+------------+-----------+----------+
| (1, 0, 0, 1, 1) | 0.0526316  | 0.225     | 0.775    |
+-----------------+------------+-----------+----------+
| (1, 0, 1, 0, 0) | 0.00789474 | 0         | 1        |
+-----------------+------------+-----------+----------+
| (1, 0, 1, 0, 1) | 0.0184211  | 0.0714286 | 0.928571 |
+-----------------+------------+-----------+----------+
| (1, 0, 1, 1, 0) | 0.0171053  | 0.230769  | 0.769231 |
+-----------------+------------+-----------+----------+
| (1, 0, 1, 1, 1) | 0.05       | 0.263158  | 0.736842 |
+-----------------+------------+-----------+----------+
| (1, 1, 0, 0, 1) | 0.0921053  | 0.2       | 0.8      |
+-----------------+------------+-----------+----------+
| (1, 1, 0, 1, 0) | 0.0394737  | 0.333333  | 0.666667 |
+-----------------+------------+-----------+----------+
| (1, 1, 0, 1, 1) | 0.0513158  | 0.435897  | 0.564103 |
+-----------------+------------+-----------+----------+
| (1, 1, 1, 0, 0) | 0.0342105  | 0         | 1        |
+-----------------+------------+-----------+----------+
| (1, 1, 1, 0, 1) | 0.0605263  | 0.195652  | 0.782609 |
+-----------------+------------+-----------+----------+
| (1, 1, 1, 1, 0) | 0.0644737  | 0.489796  | 0.510204 |
+-----------------+------------+-----------+----------+
| (1, 1, 1, 1, 1) | 0.194737   | 0.243243  | 0.756757 |
+-----------------+------------+-----------+----------+
Order: 6 
 +--------------------+------------+-----------+----------+
| State              |       P(i) |    P(0|i) |   P(1|i) |
+====================+============+===========+==========+
| (0, 0, 1, 0, 0, 1) | 0.0110585  | 0.428571  | 0.571429 |
+--------------------+------------+-----------+----------+
| (0, 0, 1, 0, 1, 0) | 0.00157978 | 1         | 0        |
+--------------------+------------+-----------+----------+
| (0, 0, 1, 0, 1, 1) | 0.0126382  | 0.375     | 0.625    |
+--------------------+------------+-----------+----------+
| (0, 0, 1, 1, 0, 0) | 0.00473934 | 0         | 1        |
+--------------------+------------+-----------+----------+
| (0, 0, 1, 1, 0, 1) | 0.00473934 | 0.333333  | 0.666667 |
+--------------------+------------+-----------+----------+
| (0, 0, 1, 1, 1, 0) | 0.0126382  | 0.625     | 0.375    |
+--------------------+------------+-----------+----------+
| (0, 0, 1, 1, 1, 1) | 0.0379147  | 0.333333  | 0.666667 |
+--------------------+------------+-----------+----------+
| (0, 1, 0, 0, 1, 0) | 0.014218   | 0.888889  | 0.111111 |
+--------------------+------------+-----------+----------+
| (0, 1, 0, 0, 1, 1) | 0.0252765  | 0.4375    | 0.5625   |
+--------------------+------------+-----------+----------+
| (0, 1, 0, 1, 0, 0) | 0.00315956 | 0         | 1        |
+--------------------+------------+-----------+----------+
| (0, 1, 0, 1, 0, 1) | 0.0110585  | 0.428571  | 0.571429 |
+--------------------+------------+-----------+----------+
| (0, 1, 0, 1, 1, 0) | 0.00473934 | 0.333333  | 0.666667 |
+--------------------+------------+-----------+----------+
| (0, 1, 0, 1, 1, 1) | 0.0252765  | 0.3125    | 0.6875   |
+--------------------+------------+-----------+----------+
| (0, 1, 1, 0, 0, 1) | 0.0157978  | 0.4       | 0.6      |
+--------------------+------------+-----------+----------+
| (0, 1, 1, 0, 1, 0) | 0.00947867 | 0.333333  | 0.666667 |
+--------------------+------------+-----------+----------+
| (0, 1, 1, 0, 1, 1) | 0.00947867 | 0.166667  | 0.833333 |
+--------------------+------------+-----------+----------+
| (0, 1, 1, 1, 0, 0) | 0.00947867 | 0         | 1        |
+--------------------+------------+-----------+----------+
| (0, 1, 1, 1, 0, 1) | 0.0252765  | 0.375     | 0.625    |
+--------------------+------------+-----------+----------+
| (0, 1, 1, 1, 1, 0) | 0.0221169  | 0.5       | 0.5      |
+--------------------+------------+-----------+----------+
| (0, 1, 1, 1, 1, 1) | 0.0442338  | 0.178571  | 0.821429 |
+--------------------+------------+-----------+----------+
| (1, 0, 0, 1, 0, 0) | 0.00947867 | 0         | 1        |
+--------------------+------------+-----------+----------+
| (1, 0, 0, 1, 0, 1) | 0.00473934 | 0         | 1        |
+--------------------+------------+-----------+----------+
| (1, 0, 0, 1, 1, 0) | 0.028436   | 0.333333  | 0.666667 |
+--------------------+------------+-----------+----------+
| (1, 0, 0, 1, 1, 1) | 0.0473934  | 0.233333  | 0.766667 |
+--------------------+------------+-----------+----------+
| (1, 0, 1, 0, 0, 1) | 0.0205371  | 0.461538  | 0.538462 |
+--------------------+------------+-----------+----------+
| (1, 0, 1, 0, 1, 0) | 0.00473934 | 0.333333  | 0.666667 |
+--------------------+------------+-----------+----------+
| (1, 0, 1, 0, 1, 1) | 0.00631912 | 0.25      | 0.75     |
+--------------------+------------+-----------+----------+
| (1, 0, 1, 1, 0, 0) | 0.014218   | 0         | 1        |
+--------------------+------------+-----------+----------+
| (1, 0, 1, 1, 0, 1) | 0.0110585  | 0.571429  | 0.428571 |
+--------------------+------------+-----------+----------+
| (1, 0, 1, 1, 1, 0) | 0.0173776  | 0.272727  | 0.727273 |
+--------------------+------------+-----------+----------+
| (1, 0, 1, 1, 1, 1) | 0.0347551  | 0.227273  | 0.772727 |
+--------------------+------------+-----------+----------+
| (1, 1, 0, 0, 1, 0) | 0.0157978  | 0.5       | 0.5      |
+--------------------+------------+-----------+----------+
| (1, 1, 0, 0, 1, 1) | 0.0473934  | 0.333333  | 0.666667 |
+--------------------+------------+-----------+----------+
| (1, 1, 0, 1, 0, 0) | 0.00157978 | 0         | 1        |
+--------------------+------------+-----------+----------+
| (1, 1, 0, 1, 0, 1) | 0.0173776  | 0.0909091 | 0.909091 |
+--------------------+------------+-----------+----------+
| (1, 1, 0, 1, 1, 0) | 0.0126382  | 0.625     | 0.375    |
+--------------------+------------+-----------+----------+
| (1, 1, 0, 1, 1, 1) | 0.0347551  | 0.272727  | 0.727273 |
+--------------------+------------+-----------+----------+
| (1, 1, 1, 0, 0, 1) | 0.0552923  | 0.257143  | 0.742857 |
+--------------------+------------+-----------+----------+
| (1, 1, 1, 0, 1, 0) | 0.0110585  | 0.857143  | 0.142857 |
+--------------------+------------+-----------+----------+
| (1, 1, 1, 0, 1, 1) | 0.042654   | 0.222222  | 0.777778 |
+--------------------+------------+-----------+----------+
| (1, 1, 1, 1, 0, 0) | 0.0268562  | 0         | 1        |
+--------------------+------------+-----------+----------+
| (1, 1, 1, 1, 0, 1) | 0.0489731  | 0.322581  | 0.645161 |
+--------------------+------------+-----------+----------+
| (1, 1, 1, 1, 1, 0) | 0.0473934  | 0.533333  | 0.466667 |
+--------------------+------------+-----------+----------+
| (1, 1, 1, 1, 1, 1) | 0.126382   | 0.2       | 0.8      |
+--------------------+------------+-----------+----------+
Order: 7 
 +-----------------------+------------+----------+----------+
| State                 |       P(i) |   P(0|i) |   P(1|i) |
+=======================+============+==========+==========+
| (0, 0, 1, 0, 0, 1, 0) | 0.00552486 | 0.666667 | 0.333333 |
+-----------------------+------------+----------+----------+
| (0, 0, 1, 0, 0, 1, 1) | 0.0128913  | 0.285714 | 0.714286 |
+-----------------------+------------+----------+----------+
| (0, 0, 1, 0, 1, 0, 1) | 0.00184162 | 0        | 1        |
+-----------------------+------------+----------+----------+
| (0, 0, 1, 0, 1, 1, 0) | 0.00184162 | 0        | 1        |
+-----------------------+------------+----------+----------+
| (0, 0, 1, 0, 1, 1, 1) | 0.0092081  | 0.4      | 0.6      |
+-----------------------+------------+----------+----------+
| (0, 0, 1, 1, 0, 0, 1) | 0.0092081  | 0.6      | 0.4      |
+-----------------------+------------+----------+----------+
| (0, 0, 1, 1, 0, 1, 0) | 0.00184162 | 0        | 1        |
+-----------------------+------------+----------+----------+
| (0, 0, 1, 1, 0, 1, 1) | 0.0092081  | 0.6      | 0.4      |
+-----------------------+------------+----------+----------+
| (0, 0, 1, 1, 1, 0, 0) | 0.0092081  | 0        | 1        |
+-----------------------+------------+----------+----------+
| (0, 0, 1, 1, 1, 0, 1) | 0.0092081  | 0.4      | 0.6      |
+-----------------------+------------+----------+----------+
| (0, 0, 1, 1, 1, 1, 0) | 0.0092081  | 0.2      | 0.8      |
+-----------------------+------------+----------+----------+
| (0, 0, 1, 1, 1, 1, 1) | 0.0220994  | 0.166667 | 0.833333 |
+-----------------------+------------+----------+----------+
| (0, 1, 0, 0, 1, 0, 0) | 0.00552486 | 0        | 1        |
+-----------------------+------------+----------+----------+
| (0, 1, 0, 0, 1, 0, 1) | 0.00184162 | 1        | 0        |
+-----------------------+------------+----------+----------+
| (0, 1, 0, 0, 1, 1, 0) | 0.00736648 | 0.5      | 0.5      |
+-----------------------+------------+----------+----------+
| (0, 1, 0, 0, 1, 1, 1) | 0.0165746  | 0.444444 | 0.555556 |
+-----------------------+------------+----------+----------+
| (0, 1, 0, 1, 0, 0, 1) | 0.00368324 | 0.5      | 0.5      |
+-----------------------+------------+----------+----------+
| (0, 1, 0, 1, 0, 1, 0) | 0.00184162 | 0        | 1        |
+-----------------------+------------+----------+----------+
| (0, 1, 0, 1, 0, 1, 1) | 0.00552486 | 0.666667 | 0.333333 |
+-----------------------+------------+----------+----------+
| (0, 1, 0, 1, 1, 0, 0) | 0.00184162 | 0        | 1        |
+-----------------------+------------+----------+----------+
| (0, 1, 0, 1, 1, 0, 1) | 0.00184162 | 0        | 1        |
+-----------------------+------------+----------+----------+
| (0, 1, 0, 1, 1, 1, 0) | 0.00184162 | 0        | 1        |
+-----------------------+------------+----------+----------+
| (0, 1, 0, 1, 1, 1, 1) | 0.00736648 | 0.5      | 0.5      |
+-----------------------+------------+----------+----------+
| (0, 1, 1, 0, 0, 1, 0) | 0.00736648 | 0.75     | 0.25     |
+-----------------------+------------+----------+----------+
| (0, 1, 1, 0, 0, 1, 1) | 0.0110497  | 0.166667 | 0.833333 |
+-----------------------+------------+----------+----------+
| (0, 1, 1, 0, 1, 0, 0) | 0.00552486 | 0        | 1        |
+-----------------------+------------+----------+----------+
| (0, 1, 1, 0, 1, 0, 1) | 0.00368324 | 0        | 1        |
+-----------------------+------------+----------+----------+
| (0, 1, 1, 0, 1, 1, 0) | 0.00184162 | 1        | 0        |
+-----------------------+------------+----------+----------+
| (0, 1, 1, 0, 1, 1, 1) | 0.0128913  | 0.285714 | 0.714286 |
+-----------------------+------------+----------+----------+
| (0, 1, 1, 1, 0, 0, 1) | 0.014733   | 0.375    | 0.625    |
+-----------------------+------------+----------+----------+
| (0, 1, 1, 1, 0, 1, 0) | 0.00552486 | 0.666667 | 0.333333 |
+-----------------------+------------+----------+----------+
| (0, 1, 1, 1, 0, 1, 1) | 0.0092081  | 0.4      | 0.6      |
+-----------------------+------------+----------+----------+
| (0, 1, 1, 1, 1, 0, 0) | 0.0110497  | 0        | 1        |
+-----------------------+------------+----------+----------+
| (0, 1, 1, 1, 1, 0, 1) | 0.0110497  | 0.333333 | 0.5      |
+-----------------------+------------+----------+----------+
| (0, 1, 1, 1, 1, 1, 0) | 0.0128913  | 0.142857 | 0.857143 |
+-----------------------+------------+----------+----------+
| (0, 1, 1, 1, 1, 1, 1) | 0.0368324  | 0.25     | 0.75     |
+-----------------------+------------+----------+----------+
| (1, 0, 0, 1, 0, 0, 1) | 0.014733   | 0.125    | 0.875    |
+-----------------------+------------+----------+----------+
| (1, 0, 0, 1, 0, 1, 0) | 0.00368324 | 0.5      | 0.5      |
+-----------------------+------------+----------+----------+
| (1, 0, 0, 1, 0, 1, 1) | 0.0092081  | 0.2      | 0.8      |
+-----------------------+------------+----------+----------+
| (1, 0, 0, 1, 1, 0, 0) | 0.00368324 | 0        | 1        |
+-----------------------+------------+----------+----------+
| (1, 0, 0, 1, 1, 0, 1) | 0.00736648 | 0.25     | 0.75     |
+-----------------------+------------+----------+----------+
| (1, 0, 0, 1, 1, 1, 0) | 0.00736648 | 0.75     | 0.25     |
+-----------------------+------------+----------+----------+
| (1, 0, 0, 1, 1, 1, 1) | 0.0239411  | 0.307692 | 0.692308 |
+-----------------------+------------+----------+----------+
| (1, 0, 1, 0, 0, 1, 0) | 0.00552486 | 0.333333 | 0.666667 |
+-----------------------+------------+----------+----------+
| (1, 0, 1, 0, 0, 1, 1) | 0.014733   | 0.375    | 0.625    |
+-----------------------+------------+----------+----------+
| (1, 0, 1, 0, 1, 0, 1) | 0.00184162 | 0        | 1        |
+-----------------------+------------+----------+----------+
| (1, 0, 1, 0, 1, 1, 0) | 0.00368324 | 0.5      | 0.5      |
+-----------------------+------------+----------+----------+
| (1, 0, 1, 0, 1, 1, 1) | 0.0184162  | 0.3      | 0.7      |
+-----------------------+------------+----------+----------+
| (1, 0, 1, 1, 0, 0, 1) | 0.0165746  | 0        | 1        |
+-----------------------+------------+----------+----------+
| (1, 0, 1, 1, 0, 1, 0) | 0.00368324 | 0.5      | 0.5      |
+-----------------------+------------+----------+----------+
| (1, 0, 1, 1, 0, 1, 1) | 0.00552486 | 0.666667 | 0.333333 |
+-----------------------+------------+----------+----------+
| (1, 0, 1, 1, 1, 0, 0) | 0.00368324 | 0        | 1        |
+-----------------------+------------+----------+----------+
| (1, 0, 1, 1, 1, 0, 1) | 0.0092081  | 0.4      | 0.6      |
+-----------------------+------------+----------+----------+
| (1, 0, 1, 1, 1, 1, 0) | 0.0110497  | 0.333333 | 0.666667 |
+-----------------------+------------+----------+----------+
| (1, 0, 1, 1, 1, 1, 1) | 0.0165746  | 0.333333 | 0.666667 |
+-----------------------+------------+----------+----------+
| (1, 1, 0, 0, 1, 0, 0) | 0.014733   | 0        | 1        |
+-----------------------+------------+----------+----------+
| (1, 1, 0, 0, 1, 0, 1) | 0.0092081  | 0        | 1        |
+-----------------------+------------+----------+----------+
| (1, 1, 0, 0, 1, 1, 0) | 0.0128913  | 0.142857 | 0.857143 |
+-----------------------+------------+----------+----------+
| (1, 1, 0, 0, 1, 1, 1) | 0.0349908  | 0.315789 | 0.684211 |
+-----------------------+------------+----------+----------+
| (1, 1, 0, 1, 0, 0, 1) | 0.00552486 | 0.333333 | 0.666667 |
+-----------------------+------------+----------+----------+
| (1, 1, 0, 1, 0, 1, 0) | 0.00368324 | 0.5      | 0.5      |
+-----------------------+------------+----------+----------+
| (1, 1, 0, 1, 0, 1, 1) | 0.0165746  | 0.333333 | 0.666667 |
+-----------------------+------------+----------+----------+
| (1, 1, 0, 1, 1, 0, 0) | 0.0092081  | 0        | 1        |
+-----------------------+------------+----------+----------+
| (1, 1, 0, 1, 1, 0, 1) | 0.0128913  | 0.428571 | 0.571429 |
+-----------------------+------------+----------+----------+
| (1, 1, 0, 1, 1, 1, 0) | 0.0128913  | 0.428571 | 0.571429 |
+-----------------------+------------+----------+----------+
| (1, 1, 0, 1, 1, 1, 1) | 0.0294659  | 0.1875   | 0.8125   |
+-----------------------+------------+----------+----------+
| (1, 1, 1, 0, 0, 1, 0) | 0.0110497  | 0.333333 | 0.666667 |
+-----------------------+------------+----------+----------+
| (1, 1, 1, 0, 0, 1, 1) | 0.0331492  | 0.388889 | 0.611111 |
+-----------------------+------------+----------+----------+
| (1, 1, 1, 0, 1, 0, 0) | 0.0092081  | 0        | 1        |
+-----------------------+------------+----------+----------+
| (1, 1, 1, 0, 1, 0, 1) | 0.00736648 | 0.5      | 0.5      |
+-----------------------+------------+----------+----------+
| (1, 1, 1, 0, 1, 1, 0) | 0.0092081  | 0.8      | 0.2      |
+-----------------------+------------+----------+----------+
| (1, 1, 1, 0, 1, 1, 1) | 0.0276243  | 0.333333 | 0.666667 |
+-----------------------+------------+----------+----------+
| (1, 1, 1, 1, 0, 0, 1) | 0.0349908  | 0.210526 | 0.789474 |
+-----------------------+------------+----------+----------+
| (1, 1, 1, 1, 0, 1, 0) | 0.0092081  | 0.4      | 0.6      |
+-----------------------+------------+----------+----------+
| (1, 1, 1, 1, 0, 1, 1) | 0.0257827  | 0.285714 | 0.714286 |
+-----------------------+------------+----------+----------+
| (1, 1, 1, 1, 1, 0, 0) | 0.014733   | 0        | 1        |
+-----------------------+------------+----------+----------+
| (1, 1, 1, 1, 1, 0, 1) | 0.0276243  | 0.333333 | 0.666667 |
+-----------------------+------------+----------+----------+
| (1, 1, 1, 1, 1, 1, 0) | 0.0313076  | 0.647059 | 0.352941 |
+-----------------------+------------+----------+----------+
| (1, 1, 1, 1, 1, 1, 1) | 0.112339   | 0.245902 | 0.754098 |
+-----------------------+------------+----------+----------+
Order: 8 
 +--------------------------+------------+-----------+----------+
| State                    |       P(i) |    P(0|i) |   P(1|i) |
+==========================+============+===========+==========+
| (0, 0, 1, 0, 0, 1, 0, 0) | 0.00210526 | 0         | 1        |
+--------------------------+------------+-----------+----------+
| (0, 0, 1, 0, 0, 1, 1, 0) | 0.00631579 | 0.666667  | 0.333333 |
+--------------------------+------------+-----------+----------+
| (0, 0, 1, 0, 0, 1, 1, 1) | 0.0105263  | 0.6       | 0.4      |
+--------------------------+------------+-----------+----------+
| (0, 0, 1, 0, 1, 1, 0, 0) | 0.00210526 | 0         | 1        |
+--------------------------+------------+-----------+----------+
| (0, 0, 1, 0, 1, 1, 1, 1) | 0.00421053 | 0.5       | 0.5      |
+--------------------------+------------+-----------+----------+
| (0, 0, 1, 1, 0, 0, 1, 0) | 0.00842105 | 0.25      | 0.75     |
+--------------------------+------------+-----------+----------+
| (0, 0, 1, 1, 0, 0, 1, 1) | 0.00210526 | 0         | 1        |
+--------------------------+------------+-----------+----------+
| (0, 0, 1, 1, 0, 1, 0, 1) | 0.00210526 | 1         | 0        |
+--------------------------+------------+-----------+----------+
| (0, 0, 1, 1, 0, 1, 1, 1) | 0.00631579 | 0         | 1        |
+--------------------------+------------+-----------+----------+
| (0, 0, 1, 1, 1, 0, 0, 1) | 0.0105263  | 0.8       | 0.2      |
+--------------------------+------------+-----------+----------+
| (0, 0, 1, 1, 1, 0, 1, 0) | 0.00421053 | 0.5       | 0.5      |
+--------------------------+------------+-----------+----------+
| (0, 0, 1, 1, 1, 0, 1, 1) | 0.00421053 | 0         | 1        |
+--------------------------+------------+-----------+----------+
| (0, 0, 1, 1, 1, 1, 0, 0) | 0.00842105 | 0         | 1        |
+--------------------------+------------+-----------+----------+
| (0, 0, 1, 1, 1, 1, 0, 1) | 0.00631579 | 0.333333  | 0.333333 |
+--------------------------+------------+-----------+----------+
| (0, 0, 1, 1, 1, 1, 1, 0) | 0.00631579 | 0.333333  | 0.666667 |
+--------------------------+------------+-----------+----------+
| (0, 0, 1, 1, 1, 1, 1, 1) | 0.0168421  | 0.375     | 0.625    |
+--------------------------+------------+-----------+----------+
| (0, 1, 0, 0, 1, 0, 0, 1) | 0.00421053 | 0         | 1        |
+--------------------------+------------+-----------+----------+
| (0, 1, 0, 0, 1, 1, 0, 0) | 0.00210526 | 0         | 1        |
+--------------------------+------------+-----------+----------+
| (0, 1, 0, 0, 1, 1, 0, 1) | 0.00421053 | 0         | 1        |
+--------------------------+------------+-----------+----------+
| (0, 1, 0, 0, 1, 1, 1, 0) | 0.0105263  | 0.4       | 0.6      |
+--------------------------+------------+-----------+----------+
| (0, 1, 0, 0, 1, 1, 1, 1) | 0.00631579 | 0.333333  | 0.666667 |
+--------------------------+------------+-----------+----------+
| (0, 1, 0, 1, 0, 0, 1, 0) | 0.00210526 | 1         | 0        |
+--------------------------+------------+-----------+----------+
| (0, 1, 0, 1, 0, 0, 1, 1) | 0.00421053 | 0.5       | 0.5      |
+--------------------------+------------+-----------+----------+
| (0, 1, 0, 1, 0, 1, 0, 1) | 0.00210526 | 0         | 1        |
+--------------------------+------------+-----------+----------+
| (0, 1, 0, 1, 0, 1, 1, 0) | 0.00210526 | 0         | 1        |
+--------------------------+------------+-----------+----------+
| (0, 1, 0, 1, 0, 1, 1, 1) | 0.00210526 | 0         | 1        |
+--------------------------+------------+-----------+----------+
| (0, 1, 0, 1, 1, 0, 0, 1) | 0.00842105 | 0.5       | 0.5      |
+--------------------------+------------+-----------+----------+
| (0, 1, 0, 1, 1, 1, 0, 0) | 0.00210526 | 0         | 1        |
+--------------------------+------------+-----------+----------+
| (0, 1, 0, 1, 1, 1, 0, 1) | 0.00842105 | 0         | 1        |
+--------------------------+------------+-----------+----------+
| (0, 1, 0, 1, 1, 1, 1, 0) | 0.00421053 | 0.5       | 0.5      |
+--------------------------+------------+-----------+----------+
| (0, 1, 0, 1, 1, 1, 1, 1) | 0.00421053 | 0.5       | 0.5      |
+--------------------------+------------+-----------+----------+
| (0, 1, 1, 0, 0, 1, 0, 0) | 0.00421053 | 0         | 1        |
+--------------------------+------------+-----------+----------+
| (0, 1, 1, 0, 0, 1, 0, 1) | 0.00421053 | 0.5       | 0.5      |
+--------------------------+------------+-----------+----------+
| (0, 1, 1, 0, 0, 1, 1, 0) | 0.00210526 | 0         | 1        |
+--------------------------+------------+-----------+----------+
| (0, 1, 1, 0, 0, 1, 1, 1) | 0.00421053 | 0.5       | 0.5      |
+--------------------------+------------+-----------+----------+
| (0, 1, 1, 0, 1, 0, 0, 1) | 0.00210526 | 0         | 1        |
+--------------------------+------------+-----------+----------+
| (0, 1, 1, 0, 1, 0, 1, 0) | 0.00421053 | 1         | 0        |
+--------------------------+------------+-----------+----------+
| (0, 1, 1, 0, 1, 0, 1, 1) | 0.00210526 | 1         | 0        |
+--------------------------+------------+-----------+----------+
| (0, 1, 1, 0, 1, 1, 0, 0) | 0.00210526 | 0         | 1        |
+--------------------------+------------+-----------+----------+
| (0, 1, 1, 0, 1, 1, 1, 1) | 0.00421053 | 0         | 1        |
+--------------------------+------------+-----------+----------+
| (0, 1, 1, 1, 0, 0, 1, 0) | 0.00210526 | 0         | 1        |
+--------------------------+------------+-----------+----------+
| (0, 1, 1, 1, 0, 0, 1, 1) | 0.00842105 | 0.25      | 0.75     |
+--------------------------+------------+-----------+----------+
| (0, 1, 1, 1, 0, 1, 0, 0) | 0.00631579 | 0         | 1        |
+--------------------------+------------+-----------+----------+
| (0, 1, 1, 1, 0, 1, 0, 1) | 0.00631579 | 0         | 1        |
+--------------------------+------------+-----------+----------+
| (0, 1, 1, 1, 0, 1, 1, 0) | 0.0105263  | 0.6       | 0.4      |
+--------------------------+------------+-----------+----------+
| (0, 1, 1, 1, 0, 1, 1, 1) | 0.00210526 | 1         | 0        |
+--------------------------+------------+-----------+----------+
| (0, 1, 1, 1, 1, 0, 0, 1) | 0.0126316  | 0         | 1        |
+--------------------------+------------+-----------+----------+
| (0, 1, 1, 1, 1, 0, 1, 0) | 0.00210526 | 0         | 1        |
+--------------------------+------------+-----------+----------+
| (0, 1, 1, 1, 1, 0, 1, 1) | 0.0147368  | 0.571429  | 0.428571 |
+--------------------------+------------+-----------+----------+
| (0, 1, 1, 1, 1, 1, 0, 0) | 0.00210526 | 0         | 1        |
+--------------------------+------------+-----------+----------+
| (0, 1, 1, 1, 1, 1, 0, 1) | 0.00631579 | 0.666667  | 0.333333 |
+--------------------------+------------+-----------+----------+
| (0, 1, 1, 1, 1, 1, 1, 0) | 0.0105263  | 0.6       | 0.4      |
+--------------------------+------------+-----------+----------+
| (0, 1, 1, 1, 1, 1, 1, 1) | 0.0273684  | 0.461538  | 0.538462 |
+--------------------------+------------+-----------+----------+
| (1, 0, 0, 1, 0, 0, 1, 0) | 0.00210526 | 1         | 0        |
+--------------------------+------------+-----------+----------+
| (1, 0, 0, 1, 0, 0, 1, 1) | 0.00842105 | 0.25      | 0.75     |
+--------------------------+------------+-----------+----------+
| (1, 0, 0, 1, 0, 1, 0, 1) | 0.00631579 | 0.333333  | 0.666667 |
+--------------------------+------------+-----------+----------+
| (1, 0, 0, 1, 0, 1, 1, 0) | 0.00210526 | 0         | 1        |
+--------------------------+------------+-----------+----------+
| (1, 0, 0, 1, 0, 1, 1, 1) | 0.00631579 | 0         | 1        |
+--------------------------+------------+-----------+----------+
| (1, 0, 0, 1, 1, 0, 0, 1) | 0.00421053 | 0.5       | 0.5      |
+--------------------------+------------+-----------+----------+
| (1, 0, 0, 1, 1, 0, 1, 0) | 0.00210526 | 1         | 0        |
+--------------------------+------------+-----------+----------+
| (1, 0, 0, 1, 1, 0, 1, 1) | 0.0105263  | 0.4       | 0.6      |
+--------------------------+------------+-----------+----------+
| (1, 0, 0, 1, 1, 1, 0, 0) | 0.00842105 | 0         | 1        |
+--------------------------+------------+-----------+----------+
| (1, 0, 0, 1, 1, 1, 0, 1) | 0.0126316  | 0.333333  | 0.666667 |
+--------------------------+------------+-----------+----------+
| (1, 0, 0, 1, 1, 1, 1, 0) | 0.00210526 | 1         | 0        |
+--------------------------+------------+-----------+----------+
| (1, 0, 0, 1, 1, 1, 1, 1) | 0.0315789  | 0         | 1        |
+--------------------------+------------+-----------+----------+
| (1, 0, 1, 0, 0, 1, 0, 0) | 0.00842105 | 0         | 1        |
+--------------------------+------------+-----------+----------+
| (1, 0, 1, 0, 0, 1, 0, 1) | 0.00210526 | 1         | 0        |
+--------------------------+------------+-----------+----------+
| (1, 0, 1, 0, 0, 1, 1, 0) | 0.00842105 | 0.75      | 0.25     |
+--------------------------+------------+-----------+----------+
| (1, 0, 1, 0, 0, 1, 1, 1) | 0.00842105 | 0.25      | 0.75     |
+--------------------------+------------+-----------+----------+
| (1, 0, 1, 0, 1, 0, 1, 1) | 0.00210526 | 0         | 1        |
+--------------------------+------------+-----------+----------+
| (1, 0, 1, 0, 1, 1, 0, 0) | 0.00210526 | 0         | 1        |
+--------------------------+------------+-----------+----------+
| (1, 0, 1, 0, 1, 1, 0, 1) | 0.00210526 | 1         | 0        |
+--------------------------+------------+-----------+----------+
| (1, 0, 1, 0, 1, 1, 1, 0) | 0.00210526 | 0         | 1        |
+--------------------------+------------+-----------+----------+
| (1, 0, 1, 0, 1, 1, 1, 1) | 0.00421053 | 0         | 1        |
+--------------------------+------------+-----------+----------+
| (1, 0, 1, 1, 0, 1, 0, 0) | 0.00210526 | 0         | 1        |
+--------------------------+------------+-----------+----------+
| (1, 0, 1, 1, 0, 1, 0, 1) | 0.00421053 | 0.5       | 0.5      |
+--------------------------+------------+-----------+----------+
| (1, 0, 1, 1, 0, 1, 1, 0) | 0.00421053 | 0.5       | 0.5      |
+--------------------------+------------+-----------+----------+
| (1, 0, 1, 1, 0, 1, 1, 1) | 0.00842105 | 0.25      | 0.75     |
+--------------------------+------------+-----------+----------+
| (1, 0, 1, 1, 1, 0, 0, 1) | 0.00210526 | 0         | 1        |
+--------------------------+------------+-----------+----------+
| (1, 0, 1, 1, 1, 0, 1, 0) | 0.00210526 | 0         | 1        |
+--------------------------+------------+-----------+----------+
| (1, 0, 1, 1, 1, 0, 1, 1) | 0.00631579 | 0.333333  | 0.666667 |
+--------------------------+------------+-----------+----------+
| (1, 0, 1, 1, 1, 1, 0, 1) | 0.00210526 | 0         | 1        |
+--------------------------+------------+-----------+----------+
| (1, 0, 1, 1, 1, 1, 1, 0) | 0.0147368  | 0.428571  | 0.571429 |
+--------------------------+------------+-----------+----------+
| (1, 0, 1, 1, 1, 1, 1, 1) | 0.0273684  | 0.153846  | 0.846154 |
+--------------------------+------------+-----------+----------+
| (1, 1, 0, 0, 1, 0, 0, 1) | 0.0126316  | 0.333333  | 0.666667 |
+--------------------------+------------+-----------+----------+
| (1, 1, 0, 0, 1, 0, 1, 0) | 0.00421053 | 0.5       | 0.5      |
+--------------------------+------------+-----------+----------+
| (1, 1, 0, 0, 1, 0, 1, 1) | 0.00631579 | 1         | 0        |
+--------------------------+------------+-----------+----------+
| (1, 1, 0, 0, 1, 1, 0, 0) | 0.00631579 | 0         | 1        |
+--------------------------+------------+-----------+----------+
| (1, 1, 0, 0, 1, 1, 0, 1) | 0.00421053 | 0         | 1        |
+--------------------------+------------+-----------+----------+
| (1, 1, 0, 0, 1, 1, 1, 0) | 0.00842105 | 0.75      | 0.25     |
+--------------------------+------------+-----------+----------+
| (1, 1, 0, 0, 1, 1, 1, 1) | 0.0210526  | 0.4       | 0.6      |
+--------------------------+------------+-----------+----------+
| (1, 1, 0, 1, 0, 0, 1, 0) | 0.00421053 | 0         | 1        |
+--------------------------+------------+-----------+----------+
| (1, 1, 0, 1, 0, 1, 0, 1) | 0.00421053 | 0.5       | 0.5      |
+--------------------------+------------+-----------+----------+
| (1, 1, 0, 1, 0, 1, 1, 0) | 0.00631579 | 0.666667  | 0.333333 |
+--------------------------+------------+-----------+----------+
| (1, 1, 0, 1, 0, 1, 1, 1) | 0.0105263  | 0.4       | 0.6      |
+--------------------------+------------+-----------+----------+
| (1, 1, 0, 1, 1, 0, 0, 1) | 0.00421053 | 0         | 1        |
+--------------------------+------------+-----------+----------+
| (1, 1, 0, 1, 1, 0, 1, 1) | 0.00210526 | 1         | 0        |
+--------------------------+------------+-----------+----------+
| (1, 1, 0, 1, 1, 1, 0, 0) | 0.00421053 | 0         | 1        |
+--------------------------+------------+-----------+----------+
| (1, 1, 0, 1, 1, 1, 0, 1) | 0.00421053 | 0.5       | 0.5      |
+--------------------------+------------+-----------+----------+
| (1, 1, 0, 1, 1, 1, 1, 0) | 0.00842105 | 0.5       | 0.5      |
+--------------------------+------------+-----------+----------+
| (1, 1, 0, 1, 1, 1, 1, 1) | 0.0168421  | 0.25      | 0.75     |
+--------------------------+------------+-----------+----------+
| (1, 1, 1, 0, 0, 1, 0, 0) | 0.00631579 | 0         | 1        |
+--------------------------+------------+-----------+----------+
| (1, 1, 1, 0, 0, 1, 0, 1) | 0.00842105 | 0.25      | 0.75     |
+--------------------------+------------+-----------+----------+
| (1, 1, 1, 0, 0, 1, 1, 0) | 0.00210526 | 0         | 1        |
+--------------------------+------------+-----------+----------+
| (1, 1, 1, 0, 0, 1, 1, 1) | 0.0189474  | 0.222222  | 0.777778 |
+--------------------------+------------+-----------+----------+
| (1, 1, 1, 0, 1, 0, 0, 1) | 0.00842105 | 0.5       | 0.5      |
+--------------------------+------------+-----------+----------+
| (1, 1, 1, 0, 1, 0, 1, 1) | 0.00421053 | 0.5       | 0.5      |
+--------------------------+------------+-----------+----------+
| (1, 1, 1, 0, 1, 1, 0, 0) | 0.00631579 | 0         | 1        |
+--------------------------+------------+-----------+----------+
| (1, 1, 1, 0, 1, 1, 0, 1) | 0.00421053 | 0.5       | 0.5      |
+--------------------------+------------+-----------+----------+
| (1, 1, 1, 0, 1, 1, 1, 0) | 0.0126316  | 0.166667  | 0.833333 |
+--------------------------+------------+-----------+----------+
| (1, 1, 1, 0, 1, 1, 1, 1) | 0.0210526  | 0.4       | 0.6      |
+--------------------------+------------+-----------+----------+
| (1, 1, 1, 1, 0, 0, 1, 1) | 0.0189474  | 0.222222  | 0.777778 |
+--------------------------+------------+-----------+----------+
| (1, 1, 1, 1, 0, 1, 0, 0) | 0.00210526 | 0         | 1        |
+--------------------------+------------+-----------+----------+
| (1, 1, 1, 1, 0, 1, 0, 1) | 0.00631579 | 0         | 1        |
+--------------------------+------------+-----------+----------+
| (1, 1, 1, 1, 0, 1, 1, 0) | 0.0210526  | 0.6       | 0.4      |
+--------------------------+------------+-----------+----------+
| (1, 1, 1, 1, 0, 1, 1, 1) | 0.0231579  | 0.0909091 | 0.909091 |
+--------------------------+------------+-----------+----------+
| (1, 1, 1, 1, 1, 0, 0, 1) | 0.0294737  | 0.214286  | 0.785714 |
+--------------------------+------------+-----------+----------+
| (1, 1, 1, 1, 1, 0, 1, 0) | 0.00421053 | 1         | 0        |
+--------------------------+------------+-----------+----------+
| (1, 1, 1, 1, 1, 0, 1, 1) | 0.0189474  | 0.333333  | 0.666667 |
+--------------------------+------------+-----------+----------+
| (1, 1, 1, 1, 1, 1, 0, 0) | 0.0126316  | 0         | 1        |
+--------------------------+------------+-----------+----------+
| (1, 1, 1, 1, 1, 1, 0, 1) | 0.00842105 | 0.5       | 0.5      |
+--------------------------+------------+-----------+----------+
| (1, 1, 1, 1, 1, 1, 1, 0) | 0.0252632  | 0.416667  | 0.583333 |
+--------------------------+------------+-----------+----------+
| (1, 1, 1, 1, 1, 1, 1, 1) | 0.0821053  | 0.230769  | 0.769231 |
+--------------------------+------------+-----------+----------+
Order: 9 
 +-----------------------------+------------+----------+----------+
| State                       |       P(i) |   P(0|i) |   P(1|i) |
+=============================+============+==========+==========+
| (0, 0, 1, 0, 0, 1, 0, 1, 0) | 0.00236967 | 0        | 1        |
+-----------------------------+------------+----------+----------+
| (0, 0, 1, 0, 0, 1, 0, 1, 1) | 0.00236967 | 1        | 0        |
+-----------------------------+------------+----------+----------+
| (0, 0, 1, 0, 0, 1, 1, 1, 0) | 0.00473934 | 0        | 1        |
+-----------------------------+------------+----------+----------+
| (0, 0, 1, 0, 0, 1, 1, 1, 1) | 0.00473934 | 1        | 0        |
+-----------------------------+------------+----------+----------+
| (0, 0, 1, 0, 1, 0, 0, 1, 0) | 0.00236967 | 1        | 0        |
+-----------------------------+------------+----------+----------+
| (0, 0, 1, 0, 1, 0, 0, 1, 1) | 0.00236967 | 0        | 1        |
+-----------------------------+------------+----------+----------+
| (0, 0, 1, 0, 1, 0, 1, 0, 0) | 0.00236967 | 0        | 1        |
+-----------------------------+------------+----------+----------+
| (0, 0, 1, 0, 1, 0, 1, 1, 1) | 0.00236967 | 0        | 1        |
+-----------------------------+------------+----------+----------+
| (0, 0, 1, 0, 1, 1, 1, 0, 0) | 0.00236967 | 0        | 1        |
+-----------------------------+------------+----------+----------+
| (0, 0, 1, 0, 1, 1, 1, 0, 1) | 0.00236967 | 0        | 1        |
+-----------------------------+------------+----------+----------+
| (0, 0, 1, 1, 0, 0, 1, 0, 1) | 0.00236967 | 0        | 1        |
+-----------------------------+------------+----------+----------+
| (0, 0, 1, 1, 0, 1, 1, 0, 1) | 0.00473934 | 0.5      | 0.5      |
+-----------------------------+------------+----------+----------+
| (0, 0, 1, 1, 0, 1, 1, 1, 0) | 0.007109   | 0        | 1        |
+-----------------------------+------------+----------+----------+
| (0, 0, 1, 1, 0, 1, 1, 1, 1) | 0.00236967 | 0        | 1        |
+-----------------------------+------------+----------+----------+
| (0, 0, 1, 1, 1, 0, 0, 1, 0) | 0.00947867 | 0        | 1        |
+-----------------------------+------------+----------+----------+
| (0, 0, 1, 1, 1, 0, 0, 1, 1) | 0.00473934 | 0        | 1        |
+-----------------------------+------------+----------+----------+
| (0, 0, 1, 1, 1, 0, 1, 1, 1) | 0.00236967 | 0        | 1        |
+-----------------------------+------------+----------+----------+
| (0, 0, 1, 1, 1, 1, 0, 0, 1) | 0.00236967 | 0        | 1        |
+-----------------------------+------------+----------+----------+
| (0, 0, 1, 1, 1, 1, 0, 1, 0) | 0.00236967 | 0        | 1        |
+-----------------------------+------------+----------+----------+
| (0, 0, 1, 1, 1, 1, 1, 0, 1) | 0.0118483  | 0.6      | 0.4      |
+-----------------------------+------------+----------+----------+
| (0, 0, 1, 1, 1, 1, 1, 1, 1) | 0.014218   | 0        | 1        |
+-----------------------------+------------+----------+----------+
| (0, 1, 0, 0, 1, 0, 0, 1, 0) | 0.00473934 | 1        | 0        |
+-----------------------------+------------+----------+----------+
| (0, 1, 0, 0, 1, 0, 0, 1, 1) | 0.00473934 | 0        | 1        |
+-----------------------------+------------+----------+----------+
| (0, 1, 0, 0, 1, 1, 0, 0, 1) | 0.00236967 | 0        | 1        |
+-----------------------------+------------+----------+----------+
| (0, 1, 0, 0, 1, 1, 0, 1, 1) | 0.00473934 | 0        | 1        |
+-----------------------------+------------+----------+----------+
| (0, 1, 0, 0, 1, 1, 1, 0, 0) | 0.00473934 | 0        | 1        |
+-----------------------------+------------+----------+----------+
| (0, 1, 0, 0, 1, 1, 1, 0, 1) | 0.00236967 | 1        | 0        |
+-----------------------------+------------+----------+----------+
| (0, 1, 0, 0, 1, 1, 1, 1, 1) | 0.00473934 | 0.5      | 0.5      |
+-----------------------------+------------+----------+----------+
| (0, 1, 0, 1, 0, 1, 0, 0, 1) | 0.00236967 | 1        | 0        |
+-----------------------------+------------+----------+----------+
| (0, 1, 0, 1, 0, 1, 0, 1, 0) | 0.00236967 | 0        | 1        |
+-----------------------------+------------+----------+----------+
| (0, 1, 0, 1, 0, 1, 0, 1, 1) | 0.00236967 | 1        | 0        |
+-----------------------------+------------+----------+----------+
| (0, 1, 0, 1, 0, 1, 1, 1, 0) | 0.00473934 | 0.5      | 0.5      |
+-----------------------------+------------+----------+----------+
| (0, 1, 0, 1, 0, 1, 1, 1, 1) | 0.00236967 | 0        | 1        |
+-----------------------------+------------+----------+----------+
| (0, 1, 0, 1, 1, 0, 1, 0, 0) | 0.00236967 | 0        | 1        |
+-----------------------------+------------+----------+----------+
| (0, 1, 0, 1, 1, 0, 1, 0, 1) | 0.00236967 | 0        | 1        |
+-----------------------------+------------+----------+----------+
| (0, 1, 0, 1, 1, 0, 1, 1, 0) | 0.00236967 | 1        | 0        |
+-----------------------------+------------+----------+----------+
| (0, 1, 0, 1, 1, 1, 0, 1, 0) | 0.00236967 | 0        | 1        |
+-----------------------------+------------+----------+----------+
| (0, 1, 0, 1, 1, 1, 1, 0, 0) | 0.00236967 | 0        | 1        |
+-----------------------------+------------+----------+----------+
| (0, 1, 0, 1, 1, 1, 1, 0, 1) | 0.00473934 | 0        | 1        |
+-----------------------------+------------+----------+----------+
| (0, 1, 0, 1, 1, 1, 1, 1, 1) | 0.00236967 | 1        | 0        |
+-----------------------------+------------+----------+----------+
| (0, 1, 1, 0, 0, 1, 0, 0, 1) | 0.00473934 | 1        | 0        |
+-----------------------------+------------+----------+----------+
| (0, 1, 1, 0, 0, 1, 0, 1, 1) | 0.00473934 | 0        | 1        |
+-----------------------------+------------+----------+----------+
| (0, 1, 1, 0, 0, 1, 1, 0, 1) | 0.00236967 | 0        | 1        |
+-----------------------------+------------+----------+----------+
| (0, 1, 1, 0, 0, 1, 1, 1, 1) | 0.00947867 | 0.25     | 0.75     |
+-----------------------------+------------+----------+----------+
| (0, 1, 1, 0, 1, 0, 0, 1, 1) | 0.00236967 | 0        | 1        |
+-----------------------------+------------+----------+----------+
| (0, 1, 1, 0, 1, 1, 0, 1, 0) | 0.00236967 | 0        | 1        |
+-----------------------------+------------+----------+----------+
| (0, 1, 1, 0, 1, 1, 1, 0, 0) | 0.00473934 | 0        | 1        |
+-----------------------------+------------+----------+----------+
| (0, 1, 1, 0, 1, 1, 1, 0, 1) | 0.00236967 | 0        | 1        |
+-----------------------------+------------+----------+----------+
| (0, 1, 1, 0, 1, 1, 1, 1, 1) | 0.00473934 | 0        | 1        |
+-----------------------------+------------+----------+----------+
| (0, 1, 1, 1, 0, 0, 1, 1, 1) | 0.00473934 | 0        | 1        |
+-----------------------------+------------+----------+----------+
| (0, 1, 1, 1, 0, 1, 0, 0, 1) | 0.00473934 | 0.5      | 0.5      |
+-----------------------------+------------+----------+----------+
| (0, 1, 1, 1, 0, 1, 0, 1, 1) | 0.00473934 | 0.5      | 0.5      |
+-----------------------------+------------+----------+----------+
| (0, 1, 1, 1, 0, 1, 1, 0, 0) | 0.007109   | 0        | 1        |
+-----------------------------+------------+----------+----------+
| (0, 1, 1, 1, 0, 1, 1, 0, 1) | 0.00236967 | 1        | 0        |
+-----------------------------+------------+----------+----------+
| (0, 1, 1, 1, 0, 1, 1, 1, 0) | 0.00236967 | 0        | 1        |
+-----------------------------+------------+----------+----------+
| (0, 1, 1, 1, 0, 1, 1, 1, 1) | 0.00473934 | 0.5      | 0.5      |
+-----------------------------+------------+----------+----------+
| (0, 1, 1, 1, 1, 0, 0, 1, 0) | 0.00236967 | 0        | 1        |
+-----------------------------+------------+----------+----------+
| (0, 1, 1, 1, 1, 0, 0, 1, 1) | 0.00947867 | 0.25     | 0.75     |
+-----------------------------+------------+----------+----------+
| (0, 1, 1, 1, 1, 0, 1, 0, 1) | 0.00236967 | 0        | 1        |
+-----------------------------+------------+----------+----------+
| (0, 1, 1, 1, 1, 0, 1, 1, 1) | 0.00473934 | 0        | 1        |
+-----------------------------+------------+----------+----------+
| (0, 1, 1, 1, 1, 1, 0, 0, 1) | 0.007109   | 0.666667 | 0.333333 |
+-----------------------------+------------+----------+----------+
| (0, 1, 1, 1, 1, 1, 0, 1, 1) | 0.00473934 | 0        | 1        |
+-----------------------------+------------+----------+----------+
| (0, 1, 1, 1, 1, 1, 1, 0, 0) | 0.00473934 | 0        | 1        |
+-----------------------------+------------+----------+----------+
| (0, 1, 1, 1, 1, 1, 1, 0, 1) | 0.00947867 | 0.5      | 0.5      |
+-----------------------------+------------+----------+----------+
| (0, 1, 1, 1, 1, 1, 1, 1, 0) | 0.007109   | 0.333333 | 0.666667 |
+-----------------------------+------------+----------+----------+
| (0, 1, 1, 1, 1, 1, 1, 1, 1) | 0.0260664  | 0.181818 | 0.818182 |
+-----------------------------+------------+----------+----------+
| (1, 0, 0, 1, 0, 0, 1, 1, 1) | 0.00947867 | 0.25     | 0.75     |
+-----------------------------+------------+----------+----------+
| (1, 0, 0, 1, 0, 1, 0, 0, 1) | 0.00236967 | 0        | 1        |
+-----------------------------+------------+----------+----------+
| (1, 0, 0, 1, 0, 1, 1, 0, 0) | 0.00473934 | 0        | 1        |
+-----------------------------+------------+----------+----------+
| (1, 0, 0, 1, 0, 1, 1, 0, 1) | 0.00236967 | 0        | 1        |
+-----------------------------+------------+----------+----------+
| (1, 0, 0, 1, 0, 1, 1, 1, 0) | 0.00236967 | 1        | 0        |
+-----------------------------+------------+----------+----------+
| (1, 0, 0, 1, 1, 0, 0, 1, 0) | 0.00236967 | 0        | 1        |
+-----------------------------+------------+----------+----------+
| (1, 0, 0, 1, 1, 0, 0, 1, 1) | 0.007109   | 0        | 1        |
+-----------------------------+------------+----------+----------+
| (1, 0, 0, 1, 1, 0, 1, 0, 1) | 0.00236967 | 0        | 1        |
+-----------------------------+------------+----------+----------+
| (1, 0, 0, 1, 1, 0, 1, 1, 0) | 0.00473934 | 0        | 1        |
+-----------------------------+------------+----------+----------+
| (1, 0, 0, 1, 1, 0, 1, 1, 1) | 0.00236967 | 0        | 1        |
+-----------------------------+------------+----------+----------+
| (1, 0, 0, 1, 1, 1, 0, 0, 1) | 0.007109   | 0.666667 | 0.333333 |
+-----------------------------+------------+----------+----------+
| (1, 0, 0, 1, 1, 1, 0, 1, 0) | 0.00236967 | 1        | 0        |
+-----------------------------+------------+----------+----------+
| (1, 0, 0, 1, 1, 1, 1, 0, 1) | 0.0165877  | 0.285714 | 0.571429 |
+-----------------------------+------------+----------+----------+
| (1, 0, 0, 1, 1, 1, 1, 1, 0) | 0.00473934 | 0        | 1        |
+-----------------------------+------------+----------+----------+
| (1, 0, 0, 1, 1, 1, 1, 1, 1) | 0.014218   | 0.5      | 0.5      |
+-----------------------------+------------+----------+----------+
| (1, 0, 1, 0, 0, 1, 0, 0, 1) | 0.00236967 | 0        | 1        |
+-----------------------------+------------+----------+----------+
| (1, 0, 1, 0, 0, 1, 1, 0, 0) | 0.00473934 | 0        | 1        |
+-----------------------------+------------+----------+----------+
| (1, 0, 1, 0, 0, 1, 1, 1, 0) | 0.007109   | 0.333333 | 0.666667 |
+-----------------------------+------------+----------+----------+
| (1, 0, 1, 0, 0, 1, 1, 1, 1) | 0.00236967 | 1        | 0        |
+-----------------------------+------------+----------+----------+
| (1, 0, 1, 0, 1, 0, 0, 1, 0) | 0.00236967 | 1        | 0        |
+-----------------------------+------------+----------+----------+
| (1, 0, 1, 0, 1, 1, 0, 0, 1) | 0.00236967 | 0        | 1        |
+-----------------------------+------------+----------+----------+
| (1, 0, 1, 0, 1, 1, 0, 1, 1) | 0.00236967 | 0        | 1        |
+-----------------------------+------------+----------+----------+
| (1, 0, 1, 1, 0, 0, 1, 0, 0) | 0.00473934 | 0        | 1        |
+-----------------------------+------------+----------+----------+
| (1, 0, 1, 1, 0, 0, 1, 1, 0) | 0.00236967 | 0        | 1        |
+-----------------------------+------------+----------+----------+
| (1, 0, 1, 1, 0, 0, 1, 1, 1) | 0.007109   | 0.333333 | 0.666667 |
+-----------------------------+------------+----------+----------+
| (1, 0, 1, 1, 0, 1, 0, 1, 1) | 0.00473934 | 0        | 1        |
+-----------------------------+------------+----------+----------+
| (1, 0, 1, 1, 0, 1, 1, 1, 0) | 0.00236967 | 1        | 0        |
+-----------------------------+------------+----------+----------+
| (1, 0, 1, 1, 0, 1, 1, 1, 1) | 0.00473934 | 0        | 1        |
+-----------------------------+------------+----------+----------+
| (1, 0, 1, 1, 1, 0, 0, 1, 1) | 0.007109   | 0.333333 | 0.666667 |
+-----------------------------+------------+----------+----------+
| (1, 0, 1, 1, 1, 0, 1, 1, 1) | 0.007109   | 0.333333 | 0.666667 |
+-----------------------------+------------+----------+----------+
| (1, 0, 1, 1, 1, 1, 0, 0, 1) | 0.00947867 | 0.25     | 0.75     |
+-----------------------------+------------+----------+----------+
| (1, 0, 1, 1, 1, 1, 0, 1, 1) | 0.00236967 | 0        | 1        |
+-----------------------------+------------+----------+----------+
| (1, 0, 1, 1, 1, 1, 1, 0, 1) | 0.007109   | 0.333333 | 0.666667 |
+-----------------------------+------------+----------+----------+
| (1, 0, 1, 1, 1, 1, 1, 1, 0) | 0.00473934 | 0.5      | 0.5      |
+-----------------------------+------------+----------+----------+
| (1, 0, 1, 1, 1, 1, 1, 1, 1) | 0.0165877  | 0.571429 | 0.428571 |
+-----------------------------+------------+----------+----------+
| (1, 1, 0, 0, 1, 0, 0, 1, 0) | 0.00236967 | 1        | 0        |
+-----------------------------+------------+----------+----------+
| (1, 1, 0, 0, 1, 0, 0, 1, 1) | 0.00947867 | 0.25     | 0.75     |
+-----------------------------+------------+----------+----------+
| (1, 1, 0, 0, 1, 0, 1, 1, 0) | 0.00236967 | 0        | 1        |
+-----------------------------+------------+----------+----------+
| (1, 1, 0, 0, 1, 0, 1, 1, 1) | 0.007109   | 0        | 1        |
+-----------------------------+------------+----------+----------+
| (1, 1, 0, 0, 1, 1, 0, 0, 1) | 0.007109   | 0.666667 | 0.333333 |
+-----------------------------+------------+----------+----------+
| (1, 1, 0, 0, 1, 1, 0, 1, 0) | 0.00236967 | 0        | 1        |
+-----------------------------+------------+----------+----------+
| (1, 1, 0, 0, 1, 1, 0, 1, 1) | 0.007109   | 0.333333 | 0.666667 |
+-----------------------------+------------+----------+----------+
| (1, 1, 0, 0, 1, 1, 1, 0, 1) | 0.00947867 | 0.25     | 0.75     |
+-----------------------------+------------+----------+----------+
| (1, 1, 0, 0, 1, 1, 1, 1, 0) | 0.0118483  | 0.4      | 0.6      |
+-----------------------------+------------+----------+----------+
| (1, 1, 0, 0, 1, 1, 1, 1, 1) | 0.014218   | 0.166667 | 0.833333 |
+-----------------------------+------------+----------+----------+
| (1, 1, 0, 1, 0, 0, 1, 1, 0) | 0.00236967 | 0        | 1        |
+-----------------------------+------------+----------+----------+
| (1, 1, 0, 1, 0, 0, 1, 1, 1) | 0.00236967 | 1        | 0        |
+-----------------------------+------------+----------+----------+
| (1, 1, 0, 1, 0, 1, 1, 0, 0) | 0.00236967 | 0        | 1        |
+-----------------------------+------------+----------+----------+
| (1, 1, 0, 1, 0, 1, 1, 1, 0) | 0.00473934 | 0        | 1        |
+-----------------------------+------------+----------+----------+
| (1, 1, 0, 1, 1, 0, 0, 1, 0) | 0.007109   | 0.666667 | 0.333333 |
+-----------------------------+------------+----------+----------+
| (1, 1, 0, 1, 1, 0, 0, 1, 1) | 0.00473934 | 0.5      | 0.5      |
+-----------------------------+------------+----------+----------+
| (1, 1, 0, 1, 1, 0, 1, 1, 1) | 0.00236967 | 0        | 1        |
+-----------------------------+------------+----------+----------+
| (1, 1, 0, 1, 1, 1, 0, 0, 1) | 0.00473934 | 0        | 1        |
+-----------------------------+------------+----------+----------+
| (1, 1, 0, 1, 1, 1, 0, 1, 1) | 0.00236967 | 0        | 1        |
+-----------------------------+------------+----------+----------+
| (1, 1, 0, 1, 1, 1, 1, 0, 0) | 0.00236967 | 0        | 1        |
+-----------------------------+------------+----------+----------+
| (1, 1, 0, 1, 1, 1, 1, 1, 0) | 0.0165877  | 0.285714 | 0.714286 |
+-----------------------------+------------+----------+----------+
| (1, 1, 0, 1, 1, 1, 1, 1, 1) | 0.0165877  | 0.285714 | 0.714286 |
+-----------------------------+------------+----------+----------+
| (1, 1, 1, 0, 0, 1, 0, 0, 1) | 0.00236967 | 0        | 1        |
+-----------------------------+------------+----------+----------+
| (1, 1, 1, 0, 0, 1, 0, 1, 0) | 0.00236967 | 1        | 0        |
+-----------------------------+------------+----------+----------+
| (1, 1, 1, 0, 0, 1, 0, 1, 1) | 0.00473934 | 0.5      | 0.5      |
+-----------------------------+------------+----------+----------+
| (1, 1, 1, 0, 0, 1, 1, 0, 0) | 0.00473934 | 0        | 1        |
+-----------------------------+------------+----------+----------+
| (1, 1, 1, 0, 0, 1, 1, 0, 1) | 0.00947867 | 0.75     | 0.25     |
+-----------------------------+------------+----------+----------+
| (1, 1, 1, 0, 0, 1, 1, 1, 0) | 0.00947867 | 0.5      | 0.5      |
+-----------------------------+------------+----------+----------+
| (1, 1, 1, 0, 0, 1, 1, 1, 1) | 0.021327   | 0.333333 | 0.666667 |
+-----------------------------+------------+----------+----------+
| (1, 1, 1, 0, 1, 0, 0, 1, 0) | 0.00947867 | 0.75     | 0.25     |
+-----------------------------+------------+----------+----------+
| (1, 1, 1, 0, 1, 0, 0, 1, 1) | 0.00236967 | 0        | 1        |
+-----------------------------+------------+----------+----------+
| (1, 1, 1, 0, 1, 0, 1, 1, 1) | 0.007109   | 0.333333 | 0.666667 |
+-----------------------------+------------+----------+----------+
| (1, 1, 1, 0, 1, 1, 0, 0, 1) | 0.00236967 | 1        | 0        |
+-----------------------------+------------+----------+----------+
| (1, 1, 1, 0, 1, 1, 0, 1, 0) | 0.00947867 | 0.25     | 0.75     |
+-----------------------------+------------+----------+----------+
| (1, 1, 1, 0, 1, 1, 0, 1, 1) | 0.00236967 | 0        | 1        |
+-----------------------------+------------+----------+----------+
| (1, 1, 1, 0, 1, 1, 1, 0, 0) | 0.00236967 | 0        | 1        |
+-----------------------------+------------+----------+----------+
| (1, 1, 1, 0, 1, 1, 1, 0, 1) | 0.00236967 | 0        | 1        |
+-----------------------------+------------+----------+----------+
| (1, 1, 1, 0, 1, 1, 1, 1, 0) | 0.00947867 | 0.5      | 0.5      |
+-----------------------------+------------+----------+----------+
| (1, 1, 1, 0, 1, 1, 1, 1, 1) | 0.0189573  | 0.5      | 0.5      |
+-----------------------------+------------+----------+----------+
| (1, 1, 1, 1, 0, 0, 1, 0, 0) | 0.007109   | 0        | 1        |
+-----------------------------+------------+----------+----------+
| (1, 1, 1, 1, 0, 0, 1, 0, 1) | 0.00236967 | 1        | 0        |
+-----------------------------+------------+----------+----------+
| (1, 1, 1, 1, 0, 0, 1, 1, 0) | 0.00947867 | 0.25     | 0.75     |
+-----------------------------+------------+----------+----------+
| (1, 1, 1, 1, 0, 0, 1, 1, 1) | 0.014218   | 0.333333 | 0.666667 |
+-----------------------------+------------+----------+----------+
| (1, 1, 1, 1, 0, 1, 0, 0, 1) | 0.007109   | 0.666667 | 0.333333 |
+-----------------------------+------------+----------+----------+
| (1, 1, 1, 1, 0, 1, 0, 1, 1) | 0.00236967 | 0        | 1        |
+-----------------------------+------------+----------+----------+
| (1, 1, 1, 1, 0, 1, 1, 0, 0) | 0.00236967 | 0        | 1        |
+-----------------------------+------------+----------+----------+
| (1, 1, 1, 1, 0, 1, 1, 0, 1) | 0.00473934 | 1        | 0        |
+-----------------------------+------------+----------+----------+
| (1, 1, 1, 1, 0, 1, 1, 1, 0) | 0.00947867 | 0.25     | 0.75     |
+-----------------------------+------------+----------+----------+
| (1, 1, 1, 1, 0, 1, 1, 1, 1) | 0.014218   | 0        | 1        |
+-----------------------------+------------+----------+----------+
| (1, 1, 1, 1, 1, 0, 0, 1, 0) | 0.007109   | 0.666667 | 0.333333 |
+-----------------------------+------------+----------+----------+
| (1, 1, 1, 1, 1, 0, 0, 1, 1) | 0.00947867 | 0.25     | 0.75     |
+-----------------------------+------------+----------+----------+
| (1, 1, 1, 1, 1, 0, 1, 0, 0) | 0.00236967 | 0        | 1        |
+-----------------------------+------------+----------+----------+
| (1, 1, 1, 1, 1, 0, 1, 1, 0) | 0.00236967 | 0        | 1        |
+-----------------------------+------------+----------+----------+
| (1, 1, 1, 1, 1, 0, 1, 1, 1) | 0.00473934 | 0        | 1        |
+-----------------------------+------------+----------+----------+
| (1, 1, 1, 1, 1, 1, 0, 0, 1) | 0.0118483  | 0.2      | 0.8      |
+-----------------------------+------------+----------+----------+
| (1, 1, 1, 1, 1, 1, 0, 1, 0) | 0.007109   | 1        | 0        |
+-----------------------------+------------+----------+----------+
| (1, 1, 1, 1, 1, 1, 0, 1, 1) | 0.00947867 | 0.75     | 0.25     |
+-----------------------------+------------+----------+----------+
| (1, 1, 1, 1, 1, 1, 1, 0, 0) | 0.0165877  | 0        | 1        |
+-----------------------------+------------+----------+----------+
| (1, 1, 1, 1, 1, 1, 1, 0, 1) | 0.00947867 | 0.75     | 0.25     |
+-----------------------------+------------+----------+----------+
| (1, 1, 1, 1, 1, 1, 1, 1, 0) | 0.0189573  | 0.625    | 0.375    |
+-----------------------------+------------+----------+----------+
| (1, 1, 1, 1, 1, 1, 1, 1, 1) | 0.0616114  | 0.153846 | 0.846154 |
+-----------------------------+------------+----------+----------+
Order: 10 
 +--------------------------------+------------+----------+----------+
| State                          |       P(i) |   P(0|i) |   P(1|i) |
+================================+============+==========+==========+
| (0, 0, 1, 0, 0, 1, 0, 0, 1, 0) | 0.00263158 | 1        | 0        |
+--------------------------------+------------+----------+----------+
| (0, 0, 1, 0, 0, 1, 1, 0, 1, 1) | 0.00263158 | 0        | 1        |
+--------------------------------+------------+----------+----------+
| (0, 0, 1, 0, 0, 1, 1, 1, 1, 1) | 0.00263158 | 0        | 1        |
+--------------------------------+------------+----------+----------+
| (0, 0, 1, 0, 1, 0, 0, 1, 1, 0) | 0.00263158 | 1        | 0        |
+--------------------------------+------------+----------+----------+
| (0, 0, 1, 0, 1, 0, 0, 1, 1, 1) | 0.00263158 | 1        | 0        |
+--------------------------------+------------+----------+----------+
| (0, 0, 1, 0, 1, 1, 0, 1, 1, 1) | 0.00263158 | 0        | 1        |
+--------------------------------+------------+----------+----------+
| (0, 0, 1, 0, 1, 1, 1, 0, 1, 1) | 0.00263158 | 0        | 1        |
+--------------------------------+------------+----------+----------+
| (0, 0, 1, 0, 1, 1, 1, 1, 1, 0) | 0.00789474 | 0.666667 | 0.333333 |
+--------------------------------+------------+----------+----------+
| (0, 0, 1, 0, 1, 1, 1, 1, 1, 1) | 0.00263158 | 1        | 0        |
+--------------------------------+------------+----------+----------+
| (0, 0, 1, 1, 0, 0, 1, 1, 0, 0) | 0.00263158 | 0        | 1        |
+--------------------------------+------------+----------+----------+
| (0, 0, 1, 1, 0, 0, 1, 1, 1, 0) | 0.00263158 | 1        | 0        |
+--------------------------------+------------+----------+----------+
| (0, 0, 1, 1, 0, 1, 1, 0, 0, 1) | 0.00263158 | 0        | 1        |
+--------------------------------+------------+----------+----------+
| (0, 0, 1, 1, 0, 1, 1, 0, 1, 0) | 0.00263158 | 0        | 1        |
+--------------------------------+------------+----------+----------+
| (0, 0, 1, 1, 0, 1, 1, 1, 1, 1) | 0.00526316 | 0        | 1        |
+--------------------------------+------------+----------+----------+
| (0, 0, 1, 1, 1, 0, 1, 1, 1, 0) | 0.00263158 | 1        | 0        |
+--------------------------------+------------+----------+----------+
| (0, 0, 1, 1, 1, 0, 1, 1, 1, 1) | 0.00526316 | 1        | 0        |
+--------------------------------+------------+----------+----------+
| (0, 0, 1, 1, 1, 1, 0, 0, 1, 1) | 0.00789474 | 0.666667 | 0.333333 |
+--------------------------------+------------+----------+----------+
| (0, 0, 1, 1, 1, 1, 0, 1, 0, 1) | 0.00263158 | 0        | 1        |
+--------------------------------+------------+----------+----------+
| (0, 0, 1, 1, 1, 1, 1, 0, 1, 0) | 0.00526316 | 0.5      | 0.5      |
+--------------------------------+------------+----------+----------+
| (0, 0, 1, 1, 1, 1, 1, 0, 1, 1) | 0.00263158 | 0        | 1        |
+--------------------------------+------------+----------+----------+
| (0, 0, 1, 1, 1, 1, 1, 1, 0, 0) | 0.00263158 | 0        | 1        |
+--------------------------------+------------+----------+----------+
| (0, 0, 1, 1, 1, 1, 1, 1, 1, 1) | 0.0131579  | 0        | 1        |
+--------------------------------+------------+----------+----------+
| (0, 1, 0, 0, 1, 0, 0, 1, 1, 1) | 0.00789474 | 0        | 1        |
+--------------------------------+------------+----------+----------+
| (0, 1, 0, 0, 1, 1, 0, 0, 1, 1) | 0.00263158 | 0        | 1        |
+--------------------------------+------------+----------+----------+
| (0, 1, 0, 0, 1, 1, 0, 1, 1, 0) | 0.00263158 | 0        | 1        |
+--------------------------------+------------+----------+----------+
| (0, 1, 0, 0, 1, 1, 0, 1, 1, 1) | 0.00526316 | 0        | 1        |
+--------------------------------+------------+----------+----------+
| (0, 1, 0, 0, 1, 1, 1, 0, 0, 1) | 0.00526316 | 0        | 1        |
+--------------------------------+------------+----------+----------+
| (0, 1, 0, 0, 1, 1, 1, 0, 1, 0) | 0.00526316 | 1        | 0        |
+--------------------------------+------------+----------+----------+
| (0, 1, 0, 0, 1, 1, 1, 0, 1, 1) | 0.00263158 | 1        | 0        |
+--------------------------------+------------+----------+----------+
| (0, 1, 0, 0, 1, 1, 1, 1, 0, 0) | 0.00263158 | 0        | 1        |
+--------------------------------+------------+----------+----------+
| (0, 1, 0, 0, 1, 1, 1, 1, 0, 1) | 0.00263158 | 0        | 0        |
+--------------------------------+------------+----------+----------+
| (0, 1, 0, 0, 1, 1, 1, 1, 1, 0) | 0.00263158 | 1        | 0        |
+--------------------------------+------------+----------+----------+
| (0, 1, 0, 0, 1, 1, 1, 1, 1, 1) | 0.00263158 | 0        | 1        |
+--------------------------------+------------+----------+----------+
| (0, 1, 0, 1, 0, 0, 1, 0, 0, 1) | 0.00263158 | 0        | 1        |
+--------------------------------+------------+----------+----------+
| (0, 1, 0, 1, 0, 0, 1, 1, 0, 0) | 0.00263158 | 0        | 1        |
+--------------------------------+------------+----------+----------+
| (0, 1, 0, 1, 0, 1, 0, 0, 1, 0) | 0.00263158 | 1        | 0        |
+--------------------------------+------------+----------+----------+
| (0, 1, 0, 1, 0, 1, 0, 1, 0, 1) | 0.00263158 | 0        | 1        |
+--------------------------------+------------+----------+----------+
| (0, 1, 0, 1, 0, 1, 1, 0, 1, 1) | 0.00263158 | 1        | 0        |
+--------------------------------+------------+----------+----------+
| (0, 1, 0, 1, 1, 0, 0, 1, 0, 0) | 0.00263158 | 0        | 1        |
+--------------------------------+------------+----------+----------+
| (0, 1, 0, 1, 1, 1, 0, 1, 0, 1) | 0.00526316 | 0        | 1        |
+--------------------------------+------------+----------+----------+
| (0, 1, 0, 1, 1, 1, 0, 1, 1, 1) | 0.00263158 | 0        | 1        |
+--------------------------------+------------+----------+----------+
| (0, 1, 0, 1, 1, 1, 1, 0, 0, 1) | 0.00263158 | 0        | 1        |
+--------------------------------+------------+----------+----------+
| (0, 1, 0, 1, 1, 1, 1, 0, 1, 0) | 0.00263158 | 0        | 1        |
+--------------------------------+------------+----------+----------+
| (0, 1, 0, 1, 1, 1, 1, 0, 1, 1) | 0.00263158 | 0        | 1        |
+--------------------------------+------------+----------+----------+
| (0, 1, 0, 1, 1, 1, 1, 1, 0, 1) | 0.00526316 | 0        | 1        |
+--------------------------------+------------+----------+----------+
| (0, 1, 1, 0, 0, 1, 0, 0, 1, 0) | 0.00263158 | 1        | 0        |
+--------------------------------+------------+----------+----------+
| (0, 1, 1, 0, 0, 1, 0, 1, 1, 1) | 0.00526316 | 0        | 1        |
+--------------------------------+------------+----------+----------+
| (0, 1, 1, 0, 0, 1, 1, 0, 1, 1) | 0.00526316 | 1        | 0        |
+--------------------------------+------------+----------+----------+
| (0, 1, 1, 0, 0, 1, 1, 1, 0, 1) | 0.00263158 | 0        | 1        |
+--------------------------------+------------+----------+----------+
| (0, 1, 1, 0, 0, 1, 1, 1, 1, 1) | 0.00263158 | 0        | 1        |
+--------------------------------+------------+----------+----------+
| (0, 1, 1, 0, 1, 0, 0, 1, 0, 1) | 0.00263158 | 1        | 0        |
+--------------------------------+------------+----------+----------+
| (0, 1, 1, 0, 1, 0, 0, 1, 1, 1) | 0.00789474 | 0.666667 | 0.333333 |
+--------------------------------+------------+----------+----------+
| (0, 1, 1, 0, 1, 0, 1, 1, 0, 1) | 0.00263158 | 1        | 0        |
+--------------------------------+------------+----------+----------+
| (0, 1, 1, 0, 1, 0, 1, 1, 1, 0) | 0.00263158 | 0        | 1        |
+--------------------------------+------------+----------+----------+
| (0, 1, 1, 0, 1, 0, 1, 1, 1, 1) | 0.00263158 | 0        | 1        |
+--------------------------------+------------+----------+----------+
| (0, 1, 1, 0, 1, 1, 0, 1, 1, 1) | 0.00263158 | 0        | 1        |
+--------------------------------+------------+----------+----------+
| (0, 1, 1, 0, 1, 1, 1, 1, 1, 1) | 0.0105263  | 0.5      | 0.5      |
+--------------------------------+------------+----------+----------+
| (0, 1, 1, 1, 0, 0, 1, 1, 1, 1) | 0.00789474 | 0.333333 | 0.666667 |
+--------------------------------+------------+----------+----------+
| (0, 1, 1, 1, 0, 1, 0, 1, 1, 0) | 0.00263158 | 0        | 1        |
+--------------------------------+------------+----------+----------+
| (0, 1, 1, 1, 0, 1, 1, 0, 0, 1) | 0.00263158 | 0        | 1        |
+--------------------------------+------------+----------+----------+
| (0, 1, 1, 1, 0, 1, 1, 0, 1, 1) | 0.00526316 | 0        | 1        |
+--------------------------------+------------+----------+----------+
| (0, 1, 1, 1, 0, 1, 1, 1, 0, 0) | 0.00263158 | 0        | 1        |
+--------------------------------+------------+----------+----------+
| (0, 1, 1, 1, 0, 1, 1, 1, 0, 1) | 0.00263158 | 0        | 1        |
+--------------------------------+------------+----------+----------+
| (0, 1, 1, 1, 1, 0, 0, 1, 0, 1) | 0.00263158 | 0        | 1        |
+--------------------------------+------------+----------+----------+
| (0, 1, 1, 1, 1, 0, 0, 1, 1, 0) | 0.00263158 | 0        | 1        |
+--------------------------------+------------+----------+----------+
| (0, 1, 1, 1, 1, 0, 1, 0, 0, 1) | 0.00263158 | 0        | 1        |
+--------------------------------+------------+----------+----------+
| (0, 1, 1, 1, 1, 0, 1, 0, 1, 1) | 0.00263158 | 0        | 1        |
+--------------------------------+------------+----------+----------+
| (0, 1, 1, 1, 1, 0, 1, 1, 0, 1) | 0.00263158 | 0        | 1        |
+--------------------------------+------------+----------+----------+
| (0, 1, 1, 1, 1, 0, 1, 1, 1, 1) | 0.00263158 | 0        | 1        |
+--------------------------------+------------+----------+----------+
| (0, 1, 1, 1, 1, 1, 0, 0, 1, 0) | 0.00789474 | 0.333333 | 0.666667 |
+--------------------------------+------------+----------+----------+
| (0, 1, 1, 1, 1, 1, 0, 1, 1, 0) | 0.00263158 | 1        | 0        |
+--------------------------------+------------+----------+----------+
| (0, 1, 1, 1, 1, 1, 0, 1, 1, 1) | 0.00526316 | 0        | 1        |
+--------------------------------+------------+----------+----------+
| (0, 1, 1, 1, 1, 1, 1, 0, 0, 1) | 0.00526316 | 0.5      | 0.5      |
+--------------------------------+------------+----------+----------+
| (0, 1, 1, 1, 1, 1, 1, 0, 1, 0) | 0.00263158 | 1        | 0        |
+--------------------------------+------------+----------+----------+
| (0, 1, 1, 1, 1, 1, 1, 0, 1, 1) | 0.00526316 | 0.5      | 0.5      |
+--------------------------------+------------+----------+----------+
| (0, 1, 1, 1, 1, 1, 1, 1, 0, 1) | 0.00526316 | 0        | 1        |
+--------------------------------+------------+----------+----------+
| (0, 1, 1, 1, 1, 1, 1, 1, 1, 0) | 0.00526316 | 0.5      | 0.5      |
+--------------------------------+------------+----------+----------+
| (0, 1, 1, 1, 1, 1, 1, 1, 1, 1) | 0.0105263  | 0        | 1        |
+--------------------------------+------------+----------+----------+
| (1, 0, 0, 1, 0, 0, 1, 0, 0, 1) | 0.00526316 | 0        | 1        |
+--------------------------------+------------+----------+----------+
| (1, 0, 0, 1, 0, 0, 1, 1, 0, 0) | 0.00263158 | 0        | 1        |
+--------------------------------+------------+----------+----------+
| (1, 0, 0, 1, 0, 0, 1, 1, 1, 0) | 0.00526316 | 0.5      | 0.5      |
+--------------------------------+------------+----------+----------+
| (1, 0, 0, 1, 0, 0, 1, 1, 1, 1) | 0.00526316 | 0.5      | 0.5      |
+--------------------------------+------------+----------+----------+
| (1, 0, 0, 1, 0, 1, 1, 1, 1, 0) | 0.00526316 | 0.5      | 0.5      |
+--------------------------------+------------+----------+----------+
| (1, 0, 0, 1, 0, 1, 1, 1, 1, 1) | 0.00263158 | 0        | 1        |
+--------------------------------+------------+----------+----------+
| (1, 0, 0, 1, 1, 0, 0, 1, 0, 1) | 0.00263158 | 1        | 0        |
+--------------------------------+------------+----------+----------+
| (1, 0, 0, 1, 1, 0, 0, 1, 1, 1) | 0.00263158 | 0        | 1        |
+--------------------------------+------------+----------+----------+
| (1, 0, 0, 1, 1, 0, 1, 0, 0, 1) | 0.00263158 | 0        | 1        |
+--------------------------------+------------+----------+----------+
| (1, 0, 0, 1, 1, 0, 1, 0, 1, 0) | 0.00263158 | 1        | 0        |
+--------------------------------+------------+----------+----------+
| (1, 0, 0, 1, 1, 0, 1, 1, 0, 1) | 0.00263158 | 0        | 1        |
+--------------------------------+------------+----------+----------+
| (1, 0, 0, 1, 1, 0, 1, 1, 1, 0) | 0.00263158 | 0        | 1        |
+--------------------------------+------------+----------+----------+
| (1, 0, 0, 1, 1, 0, 1, 1, 1, 1) | 0.00263158 | 0        | 1        |
+--------------------------------+------------+----------+----------+
| (1, 0, 0, 1, 1, 1, 0, 0, 1, 1) | 0.00526316 | 0        | 1        |
+--------------------------------+------------+----------+----------+
| (1, 0, 0, 1, 1, 1, 0, 1, 1, 1) | 0.00263158 | 1        | 0        |
+--------------------------------+------------+----------+----------+
| (1, 0, 0, 1, 1, 1, 1, 0, 0, 1) | 0.00789474 | 0.333333 | 0.666667 |
+--------------------------------+------------+----------+----------+
| (1, 0, 0, 1, 1, 1, 1, 0, 1, 1) | 0.00789474 | 1        | 0        |
+--------------------------------+------------+----------+----------+
| (1, 0, 0, 1, 1, 1, 1, 1, 0, 1) | 0.00263158 | 0        | 1        |
+--------------------------------+------------+----------+----------+
| (1, 0, 0, 1, 1, 1, 1, 1, 1, 1) | 0.0184211  | 0.142857 | 0.857143 |
+--------------------------------+------------+----------+----------+
| (1, 0, 1, 0, 0, 1, 0, 0, 1, 1) | 0.00263158 | 0        | 1        |
+--------------------------------+------------+----------+----------+
| (1, 0, 1, 0, 0, 1, 1, 0, 0, 1) | 0.00789474 | 0.333333 | 0.666667 |
+--------------------------------+------------+----------+----------+
| (1, 0, 1, 0, 1, 1, 0, 1, 0, 1) | 0.00263158 | 0        | 1        |
+--------------------------------+------------+----------+----------+
| (1, 0, 1, 0, 1, 1, 1, 0, 0, 1) | 0.00263158 | 0        | 1        |
+--------------------------------+------------+----------+----------+
| (1, 0, 1, 0, 1, 1, 1, 1, 1, 1) | 0.00526316 | 0        | 1        |
+--------------------------------+------------+----------+----------+
| (1, 0, 1, 1, 0, 0, 1, 0, 0, 1) | 0.00263158 | 1        | 0        |
+--------------------------------+------------+----------+----------+
| (1, 0, 1, 1, 0, 1, 0, 0, 1, 0) | 0.00263158 | 1        | 0        |
+--------------------------------+------------+----------+----------+
| (1, 0, 1, 1, 0, 1, 0, 1, 1, 1) | 0.00526316 | 0.5      | 0.5      |
+--------------------------------+------------+----------+----------+
| (1, 0, 1, 1, 0, 1, 1, 0, 0, 1) | 0.00263158 | 0        | 1        |
+--------------------------------+------------+----------+----------+
| (1, 0, 1, 1, 0, 1, 1, 0, 1, 0) | 0.00263158 | 1        | 0        |
+--------------------------------+------------+----------+----------+
| (1, 0, 1, 1, 1, 0, 0, 1, 1, 1) | 0.00526316 | 0.5      | 0.5      |
+--------------------------------+------------+----------+----------+
| (1, 0, 1, 1, 1, 0, 1, 0, 0, 1) | 0.00263158 | 1        | 0        |
+--------------------------------+------------+----------+----------+
| (1, 0, 1, 1, 1, 0, 1, 1, 0, 0) | 0.00263158 | 0        | 1        |
+--------------------------------+------------+----------+----------+
| (1, 0, 1, 1, 1, 0, 1, 1, 1, 0) | 0.00263158 | 0        | 1        |
+--------------------------------+------------+----------+----------+
| (1, 0, 1, 1, 1, 1, 0, 0, 1, 1) | 0.00263158 | 0        | 1        |
+--------------------------------+------------+----------+----------+
| (1, 0, 1, 1, 1, 1, 1, 0, 0, 1) | 0.00263158 | 0        | 1        |
+--------------------------------+------------+----------+----------+
| (1, 0, 1, 1, 1, 1, 1, 1, 1, 0) | 0.0105263  | 0.5      | 0.5      |
+--------------------------------+------------+----------+----------+
| (1, 0, 1, 1, 1, 1, 1, 1, 1, 1) | 0.00526316 | 0        | 1        |
+--------------------------------+------------+----------+----------+
| (1, 1, 0, 0, 1, 0, 1, 1, 0, 0) | 0.00263158 | 0        | 1        |
+--------------------------------+------------+----------+----------+
| (1, 1, 0, 0, 1, 0, 1, 1, 0, 1) | 0.00526316 | 0        | 1        |
+--------------------------------+------------+----------+----------+
| (1, 1, 0, 0, 1, 0, 1, 1, 1, 0) | 0.00263158 | 1        | 0        |
+--------------------------------+------------+----------+----------+
| (1, 1, 0, 0, 1, 0, 1, 1, 1, 1) | 0.00526316 | 1        | 0        |
+--------------------------------+------------+----------+----------+
| (1, 1, 0, 0, 1, 1, 0, 0, 1, 0) | 0.00263158 | 0        | 1        |
+--------------------------------+------------+----------+----------+
| (1, 1, 0, 0, 1, 1, 0, 0, 1, 1) | 0.00263158 | 0        | 1        |
+--------------------------------+------------+----------+----------+
| (1, 1, 0, 0, 1, 1, 0, 1, 1, 1) | 0.0131579  | 0.2      | 0.8      |
+--------------------------------+------------+----------+----------+
| (1, 1, 0, 0, 1, 1, 1, 0, 0, 1) | 0.0131579  | 0.6      | 0.4      |
+--------------------------------+------------+----------+----------+
| (1, 1, 0, 0, 1, 1, 1, 0, 1, 0) | 0.00263158 | 0        | 1        |
+--------------------------------+------------+----------+----------+
| (1, 1, 0, 0, 1, 1, 1, 0, 1, 1) | 0.00526316 | 0.5      | 0.5      |
+--------------------------------+------------+----------+----------+
| (1, 1, 0, 0, 1, 1, 1, 1, 0, 0) | 0.00263158 | 0        | 1        |
+--------------------------------+------------+----------+----------+
| (1, 1, 0, 0, 1, 1, 1, 1, 0, 1) | 0.0105263  | 0.5      | 0.5      |
+--------------------------------+------------+----------+----------+
| (1, 1, 0, 0, 1, 1, 1, 1, 1, 0) | 0.00263158 | 1        | 0        |
+--------------------------------+------------+----------+----------+
| (1, 1, 0, 0, 1, 1, 1, 1, 1, 1) | 0.0184211  | 0.142857 | 0.857143 |
+--------------------------------+------------+----------+----------+
| (1, 1, 0, 1, 0, 0, 1, 0, 0, 1) | 0.00263158 | 0        | 1        |
+--------------------------------+------------+----------+----------+
| (1, 1, 0, 1, 0, 0, 1, 1, 0, 1) | 0.00263158 | 1        | 0        |
+--------------------------------+------------+----------+----------+
| (1, 1, 0, 1, 0, 0, 1, 1, 1, 0) | 0.00526316 | 1        | 0        |
+--------------------------------+------------+----------+----------+
| (1, 1, 0, 1, 0, 1, 0, 0, 1, 0) | 0.00263158 | 1        | 0        |
+--------------------------------+------------+----------+----------+
| (1, 1, 0, 1, 0, 1, 0, 0, 1, 1) | 0.00526316 | 0        | 1        |
+--------------------------------+------------+----------+----------+
| (1, 1, 0, 1, 0, 1, 0, 1, 1, 1) | 0.00526316 | 0.5      | 0.5      |
+--------------------------------+------------+----------+----------+
| (1, 1, 0, 1, 0, 1, 1, 0, 0, 1) | 0.00789474 | 0        | 1        |
+--------------------------------+------------+----------+----------+
| (1, 1, 0, 1, 0, 1, 1, 0, 1, 0) | 0.00263158 | 1        | 0        |
+--------------------------------+------------+----------+----------+
| (1, 1, 0, 1, 0, 1, 1, 1, 0, 0) | 0.00263158 | 0        | 1        |
+--------------------------------+------------+----------+----------+
| (1, 1, 0, 1, 0, 1, 1, 1, 0, 1) | 0.00263158 | 0        | 1        |
+--------------------------------+------------+----------+----------+
| (1, 1, 0, 1, 0, 1, 1, 1, 1, 0) | 0.00526316 | 0.5      | 0.5      |
+--------------------------------+------------+----------+----------+
| (1, 1, 0, 1, 0, 1, 1, 1, 1, 1) | 0.00263158 | 0        | 1        |
+--------------------------------+------------+----------+----------+
| (1, 1, 0, 1, 1, 0, 0, 1, 0, 0) | 0.00263158 | 0        | 1        |
+--------------------------------+------------+----------+----------+
| (1, 1, 0, 1, 1, 0, 0, 1, 1, 1) | 0.00526316 | 0.5      | 0.5      |
+--------------------------------+------------+----------+----------+
| (1, 1, 0, 1, 1, 0, 1, 1, 1, 0) | 0.00263158 | 0        | 1        |
+--------------------------------+------------+----------+----------+
| (1, 1, 0, 1, 1, 0, 1, 1, 1, 1) | 0.00263158 | 0        | 1        |
+--------------------------------+------------+----------+----------+
| (1, 1, 0, 1, 1, 1, 0, 0, 1, 0) | 0.00263158 | 1        | 0        |
+--------------------------------+------------+----------+----------+
| (1, 1, 0, 1, 1, 1, 0, 1, 0, 0) | 0.00263158 | 0        | 1        |
+--------------------------------+------------+----------+----------+
| (1, 1, 0, 1, 1, 1, 0, 1, 1, 1) | 0.00263158 | 1        | 0        |
+--------------------------------+------------+----------+----------+
| (1, 1, 0, 1, 1, 1, 1, 0, 0, 1) | 0.00263158 | 1        | 0        |
+--------------------------------+------------+----------+----------+
| (1, 1, 0, 1, 1, 1, 1, 0, 1, 1) | 0.00263158 | 1        | 0        |
+--------------------------------+------------+----------+----------+
| (1, 1, 0, 1, 1, 1, 1, 1, 0, 1) | 0.00263158 | 0        | 1        |
+--------------------------------+------------+----------+----------+
| (1, 1, 0, 1, 1, 1, 1, 1, 1, 0) | 0.00263158 | 1        | 0        |
+--------------------------------+------------+----------+----------+
| (1, 1, 0, 1, 1, 1, 1, 1, 1, 1) | 0.00263158 | 1        | 0        |
+--------------------------------+------------+----------+----------+
| (1, 1, 1, 0, 0, 1, 0, 0, 1, 1) | 0.00263158 | 0        | 1        |
+--------------------------------+------------+----------+----------+
| (1, 1, 1, 0, 0, 1, 0, 1, 0, 1) | 0.00526316 | 0        | 1        |
+--------------------------------+------------+----------+----------+
| (1, 1, 1, 0, 0, 1, 0, 1, 1, 0) | 0.00526316 | 0        | 1        |
+--------------------------------+------------+----------+----------+
| (1, 1, 1, 0, 0, 1, 1, 0, 1, 1) | 0.00526316 | 0.5      | 0.5      |
+--------------------------------+------------+----------+----------+
| (1, 1, 1, 0, 0, 1, 1, 1, 0, 1) | 0.00789474 | 0        | 1        |
+--------------------------------+------------+----------+----------+
| (1, 1, 1, 0, 0, 1, 1, 1, 1, 1) | 0.0131579  | 0.4      | 0.6      |
+--------------------------------+------------+----------+----------+
| (1, 1, 1, 0, 1, 0, 0, 1, 0, 0) | 0.00526316 | 0        | 1        |
+--------------------------------+------------+----------+----------+
| (1, 1, 1, 0, 1, 0, 0, 1, 0, 1) | 0.00263158 | 1        | 0        |
+--------------------------------+------------+----------+----------+
| (1, 1, 1, 0, 1, 0, 0, 1, 1, 1) | 0.00526316 | 0        | 1        |
+--------------------------------+------------+----------+----------+
| (1, 1, 1, 0, 1, 0, 1, 1, 0, 1) | 0.00263158 | 1        | 0        |
+--------------------------------+------------+----------+----------+
| (1, 1, 1, 0, 1, 0, 1, 1, 1, 1) | 0.00263158 | 1        | 0        |
+--------------------------------+------------+----------+----------+
| (1, 1, 1, 0, 1, 1, 0, 0, 1, 0) | 0.00789474 | 1        | 0        |
+--------------------------------+------------+----------+----------+
| (1, 1, 1, 0, 1, 1, 0, 0, 1, 1) | 0.00263158 | 0        | 1        |
+--------------------------------+------------+----------+----------+
| (1, 1, 1, 0, 1, 1, 0, 1, 0, 1) | 0.00526316 | 0.5      | 0.5      |
+--------------------------------+------------+----------+----------+
| (1, 1, 1, 0, 1, 1, 0, 1, 1, 0) | 0.00263158 | 1        | 0        |
+--------------------------------+------------+----------+----------+
| (1, 1, 1, 0, 1, 1, 0, 1, 1, 1) | 0.00263158 | 0        | 1        |
+--------------------------------+------------+----------+----------+
| (1, 1, 1, 0, 1, 1, 1, 0, 1, 1) | 0.00263158 | 0        | 1        |
+--------------------------------+------------+----------+----------+
| (1, 1, 1, 0, 1, 1, 1, 1, 0, 0) | 0.00526316 | 0        | 1        |
+--------------------------------+------------+----------+----------+
| (1, 1, 1, 0, 1, 1, 1, 1, 0, 1) | 0.00263158 | 0        | 1        |
+--------------------------------+------------+----------+----------+
| (1, 1, 1, 0, 1, 1, 1, 1, 1, 0) | 0.00526316 | 0.5      | 0.5      |
+--------------------------------+------------+----------+----------+
| (1, 1, 1, 0, 1, 1, 1, 1, 1, 1) | 0.0105263  | 0.75     | 0.25     |
+--------------------------------+------------+----------+----------+
| (1, 1, 1, 1, 0, 0, 1, 0, 0, 1) | 0.00789474 | 0        | 1        |
+--------------------------------+------------+----------+----------+
| (1, 1, 1, 1, 0, 0, 1, 1, 0, 0) | 0.00263158 | 0        | 1        |
+--------------------------------+------------+----------+----------+
| (1, 1, 1, 1, 0, 0, 1, 1, 1, 0) | 0.00263158 | 1        | 0        |
+--------------------------------+------------+----------+----------+
| (1, 1, 1, 1, 0, 0, 1, 1, 1, 1) | 0.00526316 | 0.5      | 0.5      |
+--------------------------------+------------+----------+----------+
| (1, 1, 1, 1, 0, 1, 0, 0, 1, 0) | 0.00263158 | 0        | 1        |
+--------------------------------+------------+----------+----------+
| (1, 1, 1, 1, 0, 1, 1, 0, 0, 1) | 0.0131579  | 0        | 1        |
+--------------------------------+------------+----------+----------+
| (1, 1, 1, 1, 0, 1, 1, 0, 1, 0) | 0.00263158 | 0        | 1        |
+--------------------------------+------------+----------+----------+
| (1, 1, 1, 1, 0, 1, 1, 0, 1, 1) | 0.00263158 | 0        | 1        |
+--------------------------------+------------+----------+----------+
| (1, 1, 1, 1, 0, 1, 1, 1, 1, 0) | 0.00263158 | 1        | 0        |
+--------------------------------+------------+----------+----------+
| (1, 1, 1, 1, 0, 1, 1, 1, 1, 1) | 0.0105263  | 0        | 1        |
+--------------------------------+------------+----------+----------+
| (1, 1, 1, 1, 1, 0, 0, 1, 0, 1) | 0.00526316 | 0        | 1        |
+--------------------------------+------------+----------+----------+
| (1, 1, 1, 1, 1, 0, 0, 1, 1, 0) | 0.00526316 | 0        | 1        |
+--------------------------------+------------+----------+----------+
| (1, 1, 1, 1, 1, 0, 0, 1, 1, 1) | 0.00789474 | 0.333333 | 0.666667 |
+--------------------------------+------------+----------+----------+
| (1, 1, 1, 1, 1, 0, 1, 0, 0, 1) | 0.00789474 | 1        | 0        |
+--------------------------------+------------+----------+----------+
| (1, 1, 1, 1, 1, 0, 1, 0, 1, 1) | 0.00526316 | 0        | 1        |
+--------------------------------+------------+----------+----------+
| (1, 1, 1, 1, 1, 0, 1, 1, 0, 0) | 0.00263158 | 0        | 1        |
+--------------------------------+------------+----------+----------+
| (1, 1, 1, 1, 1, 0, 1, 1, 0, 1) | 0.00263158 | 1        | 0        |
+--------------------------------+------------+----------+----------+
| (1, 1, 1, 1, 1, 0, 1, 1, 1, 0) | 0.00526316 | 0        | 1        |
+--------------------------------+------------+----------+----------+
| (1, 1, 1, 1, 1, 0, 1, 1, 1, 1) | 0.0105263  | 0        | 1        |
+--------------------------------+------------+----------+----------+
| (1, 1, 1, 1, 1, 1, 0, 0, 1, 1) | 0.00789474 | 0        | 1        |
+--------------------------------+------------+----------+----------+
| (1, 1, 1, 1, 1, 1, 0, 1, 0, 0) | 0.00263158 | 0        | 1        |
+--------------------------------+------------+----------+----------+
| (1, 1, 1, 1, 1, 1, 0, 1, 0, 1) | 0.00263158 | 0        | 1        |
+--------------------------------+------------+----------+----------+
| (1, 1, 1, 1, 1, 1, 0, 1, 1, 0) | 0.00263158 | 0        | 1        |
+--------------------------------+------------+----------+----------+
| (1, 1, 1, 1, 1, 1, 0, 1, 1, 1) | 0.0105263  | 0        | 1        |
+--------------------------------+------------+----------+----------+
| (1, 1, 1, 1, 1, 1, 1, 0, 0, 1) | 0.0157895  | 0.166667 | 0.833333 |
+--------------------------------+------------+----------+----------+
| (1, 1, 1, 1, 1, 1, 1, 0, 1, 1) | 0.0105263  | 0.25     | 0.75     |
+--------------------------------+------------+----------+----------+
| (1, 1, 1, 1, 1, 1, 1, 1, 0, 0) | 0.0105263  | 0        | 1        |
+--------------------------------+------------+----------+----------+
| (1, 1, 1, 1, 1, 1, 1, 1, 0, 1) | 0.00789474 | 0        | 1        |
+--------------------------------+------------+----------+----------+
| (1, 1, 1, 1, 1, 1, 1, 1, 1, 0) | 0.0236842  | 0.555556 | 0.444444 |
+--------------------------------+------------+----------+----------+
| (1, 1, 1, 1, 1, 1, 1, 1, 1, 1) | 0.05       | 0.263158 | 0.736842 |
+--------------------------------+------------+----------+----------+
