Order: 1 
 +---------+-----------+-----------+----------+
| State   |      P(i) |    P(0|i) |   P(1|i) |
+=========+===========+===========+==========+
| (0,)    | 0.0833333 | 0         | 1        |
+---------+-----------+-----------+----------+
| (1,)    | 0.916667  | 0.0909091 | 0.905724 |
+---------+-----------+-----------+----------+
Order: 2 
 +---------+-----------+-----------+----------+
| State   |      P(i) |    P(0|i) |   P(1|i) |
+=========+===========+===========+==========+
| (0, 1)  | 0.0802469 | 0.0769231 | 0.923077 |
+---------+-----------+-----------+----------+
| (1, 0)  | 0.0864198 | 0         | 1        |
+---------+-----------+-----------+----------+
| (1, 1)  | 0.833333  | 0.0888889 | 0.903704 |
+---------+-----------+-----------+----------+
Order: 3 
 +-----------+-----------+-----------+----------+
| State     |      P(i) |    P(0|i) |   P(1|i) |
+===========+===========+===========+==========+
| (0, 1, 1) | 0.0555556 | 0         | 1        |
+-----------+-----------+-----------+----------+
| (1, 0, 1) | 0.12037   | 0.153846  | 0.846154 |
+-----------+-----------+-----------+----------+
| (1, 1, 0) | 0.0740741 | 0         | 1        |
+-----------+-----------+-----------+----------+
| (1, 1, 1) | 0.75      | 0.0493827 | 0.938272 |
+-----------+-----------+-----------+----------+
Order: 4 
 +--------------+-----------+----------+----------+
| State        |      P(i) |   P(0|i) |   P(1|i) |
+==============+===========+==========+==========+
| (0, 1, 0, 1) | 0.0123457 | 0        | 1        |
+--------------+-----------+----------+----------+
| (0, 1, 1, 0) | 0.0123457 | 0        | 1        |
+--------------+-----------+----------+----------+
| (0, 1, 1, 1) | 0.0617284 | 0        | 0.8      |
+--------------+-----------+----------+----------+
| (1, 0, 1, 1) | 0.111111  | 0.111111 | 0.888889 |
+--------------+-----------+----------+----------+
| (1, 1, 0, 1) | 0.0617284 | 0        | 1        |
+--------------+-----------+----------+----------+
| (1, 1, 1, 0) | 0.0493827 | 0        | 1        |
+--------------+-----------+----------+----------+
| (1, 1, 1, 1) | 0.691358  | 0.107143 | 0.892857 |
+--------------+-----------+----------+----------+
Order: 5 
 +-----------------+----------+----------+----------+
| State           |     P(i) |   P(0|i) |   P(1|i) |
+=================+==========+==========+==========+
| (0, 1, 0, 1, 1) | 0.03125  | 0        | 1        |
+-----------------+----------+----------+----------+
| (0, 1, 1, 0, 1) | 0.015625 | 1        | 0        |
+-----------------+----------+----------+----------+
| (0, 1, 1, 1, 1) | 0.046875 | 0.666667 | 0.333333 |
+-----------------+----------+----------+----------+
| (1, 0, 1, 0, 1) | 0.015625 | 0        | 1        |
+-----------------+----------+----------+----------+
| (1, 0, 1, 1, 0) | 0.015625 | 0        | 1        |
+-----------------+----------+----------+----------+
| (1, 0, 1, 1, 1) | 0.078125 | 0.2      | 0.6      |
+-----------------+----------+----------+----------+
| (1, 1, 0, 1, 1) | 0.046875 | 0.333333 | 0.666667 |
+-----------------+----------+----------+----------+
| (1, 1, 1, 0, 1) | 0.046875 | 0        | 1        |
+-----------------+----------+----------+----------+
| (1, 1, 1, 1, 0) | 0.03125  | 0        | 1        |
+-----------------+----------+----------+----------+
| (1, 1, 1, 1, 1) | 0.609375 | 0.025641 | 0.974359 |
+-----------------+----------+----------+----------+
Order: 6 
 +--------------------+-----------+----------+----------+
| State              |      P(i) |   P(0|i) |   P(1|i) |
+====================+===========+==========+==========+
| (0, 1, 1, 1, 1, 0) | 0.0185185 |  0       |  1       |
+--------------------+-----------+----------+----------+
| (0, 1, 1, 1, 1, 1) | 0.037037  |  0.5     |  0.5     |
+--------------------+-----------+----------+----------+
| (1, 0, 1, 0, 1, 1) | 0.0185185 |  0       |  1       |
+--------------------+-----------+----------+----------+
| (1, 0, 1, 1, 0, 1) | 0.0185185 |  1       |  0       |
+--------------------+-----------+----------+----------+
| (1, 0, 1, 1, 1, 0) | 0.0185185 |  0       |  1       |
+--------------------+-----------+----------+----------+
| (1, 0, 1, 1, 1, 1) | 0.0555556 |  0       |  1       |
+--------------------+-----------+----------+----------+
| (1, 1, 0, 1, 1, 0) | 0.0185185 |  0       |  1       |
+--------------------+-----------+----------+----------+
| (1, 1, 0, 1, 1, 1) | 0.037037  |  0       |  0.5     |
+--------------------+-----------+----------+----------+
| (1, 1, 1, 0, 1, 1) | 0.037037  |  0       |  1       |
+--------------------+-----------+----------+----------+
| (1, 1, 1, 1, 0, 1) | 0.111111  |  0       |  1       |
+--------------------+-----------+----------+----------+
| (1, 1, 1, 1, 1, 0) | 0.037037  |  0       |  1       |
+--------------------+-----------+----------+----------+
| (1, 1, 1, 1, 1, 1) | 0.592593  |  0.03125 |  0.96875 |
+--------------------+-----------+----------+----------+
Order: 7 
 +-----------------------+-----------+----------+----------+
| State                 |      P(i) |   P(0|i) |   P(1|i) |
+=======================+===========+==========+==========+
| (0, 1, 0, 1, 1, 1, 1) | 0.0217391 | 0        | 1        |
+-----------------------+-----------+----------+----------+
| (0, 1, 1, 1, 1, 1, 1) | 0.108696  | 0        | 1        |
+-----------------------+-----------+----------+----------+
| (1, 0, 1, 1, 1, 1, 0) | 0.0217391 | 0        | 1        |
+-----------------------+-----------+----------+----------+
| (1, 0, 1, 1, 1, 1, 1) | 0.0869565 | 0        | 1        |
+-----------------------+-----------+----------+----------+
| (1, 1, 0, 1, 0, 1, 1) | 0.0217391 | 0        | 1        |
+-----------------------+-----------+----------+----------+
| (1, 1, 0, 1, 1, 1, 1) | 0.0652174 | 0.333333 | 0.666667 |
+-----------------------+-----------+----------+----------+
| (1, 1, 1, 0, 1, 1, 0) | 0.0217391 | 0        | 1        |
+-----------------------+-----------+----------+----------+
| (1, 1, 1, 0, 1, 1, 1) | 0.0434783 | 0        | 0.5      |
+-----------------------+-----------+----------+----------+
| (1, 1, 1, 1, 0, 1, 1) | 0.0217391 | 0        | 1        |
+-----------------------+-----------+----------+----------+
| (1, 1, 1, 1, 1, 0, 1) | 0.0217391 | 1        | 0        |
+-----------------------+-----------+----------+----------+
| (1, 1, 1, 1, 1, 1, 0) | 0.0652174 | 0        | 1        |
+-----------------------+-----------+----------+----------+
| (1, 1, 1, 1, 1, 1, 1) | 0.456522  | 0.142857 | 0.857143 |
+-----------------------+-----------+----------+----------+
Order: 8 
 +--------------------------+--------+----------+----------+
| State                    |   P(i) |   P(0|i) |   P(1|i) |
+==========================+========+==========+==========+
| (0, 1, 1, 0, 1, 0, 1, 1) |  0.025 | 0        | 1        |
+--------------------------+--------+----------+----------+
| (0, 1, 1, 1, 1, 1, 1, 1) |  0.05  | 0        | 1        |
+--------------------------+--------+----------+----------+
| (1, 0, 1, 1, 0, 1, 0, 1) |  0.025 | 0        | 1        |
+--------------------------+--------+----------+----------+
| (1, 0, 1, 1, 1, 1, 1, 1) |  0.075 | 0        | 1        |
+--------------------------+--------+----------+----------+
| (1, 1, 0, 1, 1, 1, 1, 1) |  0.1   | 0.25     | 0.75     |
+--------------------------+--------+----------+----------+
| (1, 1, 1, 0, 1, 0, 1, 1) |  0.05  | 0        | 1        |
+--------------------------+--------+----------+----------+
| (1, 1, 1, 0, 1, 1, 0, 1) |  0.025 | 0        | 1        |
+--------------------------+--------+----------+----------+
| (1, 1, 1, 1, 0, 1, 1, 1) |  0.05  | 0        | 0.5      |
+--------------------------+--------+----------+----------+
| (1, 1, 1, 1, 1, 0, 1, 1) |  0.05  | 0        | 1        |
+--------------------------+--------+----------+----------+
| (1, 1, 1, 1, 1, 1, 1, 1) |  0.45  | 0.111111 | 0.888889 |
+--------------------------+--------+----------+----------+
Order: 9 
 +-----------------------------+-----------+----------+----------+
| State                       |      P(i) |   P(0|i) |   P(1|i) |
+=============================+===========+==========+==========+
| (0, 1, 1, 1, 1, 0, 1, 0, 1) | 0.0277778 |      0   |      1   |
+-----------------------------+-----------+----------+----------+
| (0, 1, 1, 1, 1, 1, 1, 0, 1) | 0.0277778 |      0   |      1   |
+-----------------------------+-----------+----------+----------+
| (0, 1, 1, 1, 1, 1, 1, 1, 1) | 0.0277778 |      0   |      1   |
+-----------------------------+-----------+----------+----------+
| (1, 0, 1, 1, 1, 1, 1, 1, 1) | 0.0277778 |      0   |      1   |
+-----------------------------+-----------+----------+----------+
| (1, 1, 0, 1, 0, 1, 1, 1, 0) | 0.0277778 |      0   |      1   |
+-----------------------------+-----------+----------+----------+
| (1, 1, 0, 1, 1, 1, 1, 0, 1) | 0.0277778 |      1   |      0   |
+-----------------------------+-----------+----------+----------+
| (1, 1, 1, 0, 1, 1, 1, 1, 1) | 0.0555556 |      0.5 |      0.5 |
+-----------------------------+-----------+----------+----------+
| (1, 1, 1, 1, 0, 1, 1, 0, 1) | 0.0277778 |      1   |      0   |
+-----------------------------+-----------+----------+----------+
| (1, 1, 1, 1, 0, 1, 1, 1, 1) | 0.0833333 |      0   |      1   |
+-----------------------------+-----------+----------+----------+
| (1, 1, 1, 1, 1, 0, 1, 1, 1) | 0.0277778 |      0   |      0   |
+-----------------------------+-----------+----------+----------+
| (1, 1, 1, 1, 1, 1, 0, 1, 1) | 0.0277778 |      0   |      1   |
+-----------------------------+-----------+----------+----------+
| (1, 1, 1, 1, 1, 1, 1, 0, 1) | 0.0833333 |      0   |      1   |
+-----------------------------+-----------+----------+----------+
| (1, 1, 1, 1, 1, 1, 1, 1, 0) | 0.0833333 |      0   |      1   |
+-----------------------------+-----------+----------+----------+
| (1, 1, 1, 1, 1, 1, 1, 1, 1) | 0.444444  |      0   |      1   |
+-----------------------------+-----------+----------+----------+
Order: 10 
 +--------------------------------+---------+----------+----------+
| State                          |    P(i) |   P(0|i) |   P(1|i) |
+================================+=========+==========+==========+
| (0, 1, 1, 1, 1, 0, 1, 0, 1, 1) | 0.0625  |        0 | 1        |
+--------------------------------+---------+----------+----------+
| (1, 0, 1, 1, 1, 0, 1, 1, 1, 1) | 0.03125 |        0 | 1        |
+--------------------------------+---------+----------+----------+
| (1, 0, 1, 1, 1, 1, 1, 1, 1, 1) | 0.03125 |        0 | 1        |
+--------------------------------+---------+----------+----------+
| (1, 1, 0, 1, 1, 1, 1, 1, 1, 1) | 0.0625  |        0 | 1        |
+--------------------------------+---------+----------+----------+
| (1, 1, 1, 0, 1, 1, 1, 1, 1, 1) | 0.0625  |        0 | 1        |
+--------------------------------+---------+----------+----------+
| (1, 1, 1, 1, 0, 1, 1, 1, 1, 1) | 0.0625  |        0 | 1        |
+--------------------------------+---------+----------+----------+
| (1, 1, 1, 1, 1, 0, 1, 1, 0, 1) | 0.03125 |        1 | 0        |
+--------------------------------+---------+----------+----------+
| (1, 1, 1, 1, 1, 1, 0, 1, 1, 0) | 0.03125 |        0 | 1        |
+--------------------------------+---------+----------+----------+
| (1, 1, 1, 1, 1, 1, 0, 1, 1, 1) | 0.09375 |        0 | 0.666667 |
+--------------------------------+---------+----------+----------+
| (1, 1, 1, 1, 1, 1, 1, 0, 1, 1) | 0.03125 |        1 | 0        |
+--------------------------------+---------+----------+----------+
| (1, 1, 1, 1, 1, 1, 1, 1, 0, 1) | 0.03125 |        0 | 1        |
+--------------------------------+---------+----------+----------+
| (1, 1, 1, 1, 1, 1, 1, 1, 1, 1) | 0.34375 |        0 | 1        |
+--------------------------------+---------+----------+----------+
