Order: 1 
 +---------+----------+----------+----------+
| State   |     P(i) |   P(0|i) |   P(1|i) |
+=========+==========+==========+==========+
| (0,)    | 0.322303 | 0.285561 | 0.714439 |
+---------+----------+----------+----------+
| (1,)    | 0.677697 | 0.339776 | 0.659715 |
+---------+----------+----------+----------+
Order: 2 
 +---------+-----------+----------+----------+
| State   |      P(i) |   P(0|i) |   P(1|i) |
+=========+===========+==========+==========+
| (0, 0)  | 0.0855172 | 0        | 1        |
+---------+-----------+----------+----------+
| (0, 1)  | 0.233793  | 0.315634 | 0.684366 |
+---------+-----------+----------+----------+
| (1, 0)  | 0.24      | 0.41092  | 0.58908  |
+---------+-----------+----------+----------+
| (1, 1)  | 0.44      | 0.333856 | 0.664577 |
+---------+-----------+----------+----------+
Order: 3 
 +-----------+-----------+----------+----------+
| State     |      P(i) |   P(0|i) |   P(1|i) |
+===========+===========+==========+==========+
| (0, 0, 1) | 0.0941055 | 0.340659 | 0.659341 |
+-----------+-----------+----------+----------+
| (0, 1, 0) | 0.073423  | 0.394366 | 0.605634 |
+-----------+-----------+----------+----------+
| (0, 1, 1) | 0.16029   | 0.354839 | 0.63871  |
+-----------+-----------+----------+----------+
| (1, 0, 0) | 0.0941055 | 0        | 1        |
+-----------+-----------+----------+----------+
| (1, 0, 1) | 0.148914  | 0.333333 | 0.666667 |
+-----------+-----------+----------+----------+
| (1, 1, 0) | 0.134436  | 0.438462 | 0.561538 |
+-----------+-----------+----------+----------+
| (1, 1, 1) | 0.294726  | 0.34386  | 0.65614  |
+-----------+-----------+----------+----------+
Order: 4 
 +--------------+-----------+----------+----------+
| State        |      P(i) |   P(0|i) |   P(1|i) |
+==============+===========+==========+==========+
| (0, 0, 1, 0) | 0.0344828 | 0.4      | 0.6      |
+--------------+-----------+----------+----------+
| (0, 0, 1, 1) | 0.0468966 | 0.323529 | 0.676471 |
+--------------+-----------+----------+----------+
| (0, 1, 0, 0) | 0.0289655 | 0        | 1        |
+--------------+-----------+----------+----------+
| (0, 1, 0, 1) | 0.0427586 | 0.322581 | 0.677419 |
+--------------+-----------+----------+----------+
| (0, 1, 1, 0) | 0.0593103 | 0.395349 | 0.604651 |
+--------------+-----------+----------+----------+
| (0, 1, 1, 1) | 0.106207  | 0.285714 | 0.714286 |
+--------------+-----------+----------+----------+
| (1, 0, 0, 1) | 0.103448  | 0.32     | 0.68     |
+--------------+-----------+----------+----------+
| (1, 0, 1, 0) | 0.0468966 | 0.441176 | 0.558824 |
+--------------+-----------+----------+----------+
| (1, 0, 1, 1) | 0.0882759 | 0.375    | 0.609375 |
+--------------+-----------+----------+----------+
| (1, 1, 0, 0) | 0.0606897 | 0        | 1        |
+--------------+-----------+----------+----------+
| (1, 1, 0, 1) | 0.0841379 | 0.344262 | 0.655738 |
+--------------+-----------+----------+----------+
| (1, 1, 1, 0) | 0.10069   | 0.356164 | 0.643836 |
+--------------+-----------+----------+----------+
| (1, 1, 1, 1) | 0.195862  | 0.359155 | 0.640845 |
+--------------+-----------+----------+----------+
Order: 5 
 +-----------------+-----------+----------+----------+
| State           |      P(i) |   P(0|i) |   P(1|i) |
+=================+===========+==========+==========+
| (0, 0, 1, 0, 0) | 0.0172414 | 0        | 1        |
+-----------------+-----------+----------+----------+
| (0, 0, 1, 0, 1) | 0.0241379 | 0.428571 | 0.571429 |
+-----------------+-----------+----------+----------+
| (0, 0, 1, 1, 0) | 0.0310345 | 0.388889 | 0.611111 |
+-----------------+-----------+----------+----------+
| (0, 0, 1, 1, 1) | 0.037931  | 0.227273 | 0.772727 |
+-----------------+-----------+----------+----------+
| (0, 1, 0, 0, 1) | 0.0362069 | 0.428571 | 0.571429 |
+-----------------+-----------+----------+----------+
| (0, 1, 0, 1, 0) | 0.0206897 | 0.25     | 0.75     |
+-----------------+-----------+----------+----------+
| (0, 1, 0, 1, 1) | 0.0258621 | 0.4      | 0.6      |
+-----------------+-----------+----------+----------+
| (0, 1, 1, 0, 0) | 0.0258621 | 0        | 1        |
+-----------------+-----------+----------+----------+
| (0, 1, 1, 0, 1) | 0.0310345 | 0.388889 | 0.611111 |
+-----------------+-----------+----------+----------+
| (0, 1, 1, 1, 0) | 0.0275862 | 0.5      | 0.5      |
+-----------------+-----------+----------+----------+
| (0, 1, 1, 1, 1) | 0.0534483 | 0.322581 | 0.677419 |
+-----------------+-----------+----------+----------+
| (1, 0, 0, 1, 0) | 0.0241379 | 0.571429 | 0.428571 |
+-----------------+-----------+----------+----------+
| (1, 0, 0, 1, 1) | 0.0586207 | 0.411765 | 0.588235 |
+-----------------+-----------+----------+----------+
| (1, 0, 1, 0, 0) | 0.0155172 | 0        | 1        |
+-----------------+-----------+----------+----------+
| (1, 0, 1, 0, 1) | 0.0258621 | 0.333333 | 0.666667 |
+-----------------+-----------+----------+----------+
| (1, 0, 1, 1, 0) | 0.0327586 | 0.263158 | 0.736842 |
+-----------------+-----------+----------+----------+
| (1, 0, 1, 1, 1) | 0.0551724 | 0.375    | 0.625    |
+-----------------+-----------+----------+----------+
| (1, 1, 0, 0, 1) | 0.0568966 | 0.424242 | 0.575758 |
+-----------------+-----------+----------+----------+
| (1, 1, 0, 1, 0) | 0.0293103 | 0.176471 | 0.823529 |
+-----------------+-----------+----------+----------+
| (1, 1, 0, 1, 1) | 0.0517241 | 0.4      | 0.566667 |
+-----------------+-----------+----------+----------+
| (1, 1, 1, 0, 0) | 0.0327586 | 0        | 1        |
+-----------------+-----------+----------+----------+
| (1, 1, 1, 0, 1) | 0.0706897 | 0.219512 | 0.780488 |
+-----------------+-----------+----------+----------+
| (1, 1, 1, 1, 0) | 0.062069  | 0.388889 | 0.611111 |
+-----------------+-----------+----------+----------+
| (1, 1, 1, 1, 1) | 0.151724  | 0.397727 | 0.602273 |
+-----------------+-----------+----------+----------+
Order: 6 
 +--------------------+------------+----------+----------+
| State              |       P(i) |   P(0|i) |   P(1|i) |
+====================+============+==========+==========+
| (0, 0, 1, 0, 0, 1) | 0.0144928  | 0.142857 | 0.857143 |
+--------------------+------------+----------+----------+
| (0, 0, 1, 0, 1, 0) | 0.00414079 | 0        | 1        |
+--------------------+------------+----------+----------+
| (0, 0, 1, 0, 1, 1) | 0.0144928  | 0.142857 | 0.857143 |
+--------------------+------------+----------+----------+
| (0, 0, 1, 1, 0, 0) | 0.00621118 | 0        | 1        |
+--------------------+------------+----------+----------+
| (0, 0, 1, 1, 0, 1) | 0.0227743  | 0.363636 | 0.636364 |
+--------------------+------------+----------+----------+
| (0, 0, 1, 1, 1, 0) | 0.010352   | 0.6      | 0.4      |
+--------------------+------------+----------+----------+
| (0, 0, 1, 1, 1, 1) | 0.0144928  | 0        | 1        |
+--------------------+------------+----------+----------+
| (0, 1, 0, 0, 1, 0) | 0.0124224  | 0.166667 | 0.833333 |
+--------------------+------------+----------+----------+
| (0, 1, 0, 0, 1, 1) | 0.0165631  | 0.5      | 0.5      |
+--------------------+------------+----------+----------+
| (0, 1, 0, 1, 0, 0) | 0.0124224  | 0        | 1        |
+--------------------+------------+----------+----------+
| (0, 1, 0, 1, 0, 1) | 0.00828157 | 0.25     | 0.75     |
+--------------------+------------+----------+----------+
| (0, 1, 0, 1, 1, 0) | 0.010352   | 1        | 0        |
+--------------------+------------+----------+----------+
| (0, 1, 0, 1, 1, 1) | 0.0124224  | 0.5      | 0.5      |
+--------------------+------------+----------+----------+
| (0, 1, 1, 0, 0, 1) | 0.0186335  | 0.444444 | 0.555556 |
+--------------------+------------+----------+----------+
| (0, 1, 1, 0, 1, 0) | 0.0144928  | 0.285714 | 0.714286 |
+--------------------+------------+----------+----------+
| (0, 1, 1, 0, 1, 1) | 0.0227743  | 0.363636 | 0.545455 |
+--------------------+------------+----------+----------+
| (0, 1, 1, 1, 0, 0) | 0.0165631  | 0        | 1        |
+--------------------+------------+----------+----------+
| (0, 1, 1, 1, 0, 1) | 0.0186335  | 0.111111 | 0.888889 |
+--------------------+------------+----------+----------+
| (0, 1, 1, 1, 1, 0) | 0.0124224  | 0.666667 | 0.333333 |
+--------------------+------------+----------+----------+
| (0, 1, 1, 1, 1, 1) | 0.0517598  | 0.32     | 0.68     |
+--------------------+------------+----------+----------+
| (1, 0, 0, 1, 0, 0) | 0.00621118 | 0        | 1        |
+--------------------+------------+----------+----------+
| (1, 0, 0, 1, 0, 1) | 0.0227743  | 0.363636 | 0.636364 |
+--------------------+------------+----------+----------+
| (1, 0, 0, 1, 1, 0) | 0.0227743  | 0.636364 | 0.363636 |
+--------------------+------------+----------+----------+
| (1, 0, 0, 1, 1, 1) | 0.0496894  | 0.541667 | 0.458333 |
+--------------------+------------+----------+----------+
| (1, 0, 1, 0, 0, 1) | 0.0248447  | 0.333333 | 0.666667 |
+--------------------+------------+----------+----------+
| (1, 0, 1, 0, 1, 0) | 0.00828157 | 0.75     | 0.25     |
+--------------------+------------+----------+----------+
| (1, 0, 1, 0, 1, 1) | 0.0269151  | 0.384615 | 0.615385 |
+--------------------+------------+----------+----------+
| (1, 0, 1, 1, 0, 0) | 0.0165631  | 0        | 1        |
+--------------------+------------+----------+----------+
| (1, 0, 1, 1, 0, 1) | 0.0248447  | 0.416667 | 0.583333 |
+--------------------+------------+----------+----------+
| (1, 0, 1, 1, 1, 0) | 0.0124224  | 0.166667 | 0.833333 |
+--------------------+------------+----------+----------+
| (1, 0, 1, 1, 1, 1) | 0.0248447  | 0.25     | 0.75     |
+--------------------+------------+----------+----------+
| (1, 1, 0, 0, 1, 0) | 0.0207039  | 0.3      | 0.7      |
+--------------------+------------+----------+----------+
| (1, 1, 0, 0, 1, 1) | 0.0331263  | 0.25     | 0.75     |
+--------------------+------------+----------+----------+
| (1, 1, 0, 1, 0, 0) | 0.010352   | 0        | 1        |
+--------------------+------------+----------+----------+
| (1, 1, 0, 1, 0, 1) | 0.0186335  | 0        | 1        |
+--------------------+------------+----------+----------+
| (1, 1, 0, 1, 1, 0) | 0.0165631  | 0.25     | 0.75     |
+--------------------+------------+----------+----------+
| (1, 1, 0, 1, 1, 1) | 0.0227743  | 0.272727 | 0.727273 |
+--------------------+------------+----------+----------+
| (1, 1, 1, 0, 0, 1) | 0.0434783  | 0.285714 | 0.714286 |
+--------------------+------------+----------+----------+
| (1, 1, 1, 0, 1, 0) | 0.0144928  | 0.714286 | 0.285714 |
+--------------------+------------+----------+----------+
| (1, 1, 1, 0, 1, 1) | 0.0517598  | 0.4      | 0.6      |
+--------------------+------------+----------+----------+
| (1, 1, 1, 1, 0, 0) | 0.0186335  | 0        | 1        |
+--------------------+------------+----------+----------+
| (1, 1, 1, 1, 0, 1) | 0.0434783  | 0.190476 | 0.809524 |
+--------------------+------------+----------+----------+
| (1, 1, 1, 1, 1, 0) | 0.0621118  | 0.3      | 0.7      |
+--------------------+------------+----------+----------+
| (1, 1, 1, 1, 1, 1) | 0.0828157  | 0.35     | 0.65     |
+--------------------+------------+----------+----------+
Order: 7 
 +-----------------------+------------+----------+----------+
| State                 |       P(i) |   P(0|i) |   P(1|i) |
+=======================+============+==========+==========+
| (0, 0, 1, 0, 0, 1, 0) | 0.00724638 | 0        | 1        |
+-----------------------+------------+----------+----------+
| (0, 0, 1, 0, 0, 1, 1) | 0.0120773  | 0.4      | 0.6      |
+-----------------------+------------+----------+----------+
| (0, 0, 1, 0, 1, 0, 0) | 0.00241546 | 0        | 1        |
+-----------------------+------------+----------+----------+
| (0, 0, 1, 0, 1, 0, 1) | 0.0120773  | 0.4      | 0.6      |
+-----------------------+------------+----------+----------+
| (0, 0, 1, 0, 1, 1, 0) | 0.00966184 | 0.5      | 0.5      |
+-----------------------+------------+----------+----------+
| (0, 0, 1, 0, 1, 1, 1) | 0.00966184 | 0.5      | 0.5      |
+-----------------------+------------+----------+----------+
| (0, 0, 1, 1, 0, 0, 1) | 0.0193237  | 0.5      | 0.5      |
+-----------------------+------------+----------+----------+
| (0, 0, 1, 1, 0, 1, 0) | 0.00966184 | 0        | 1        |
+-----------------------+------------+----------+----------+
| (0, 0, 1, 1, 0, 1, 1) | 0.0193237  | 0.625    | 0.375    |
+-----------------------+------------+----------+----------+
| (0, 0, 1, 1, 1, 0, 0) | 0.00241546 | 0        | 1        |
+-----------------------+------------+----------+----------+
| (0, 0, 1, 1, 1, 1, 0) | 0.00483092 | 0.5      | 0.5      |
+-----------------------+------------+----------+----------+
| (0, 0, 1, 1, 1, 1, 1) | 0.0217391  | 0.555556 | 0.444444 |
+-----------------------+------------+----------+----------+
| (0, 1, 0, 0, 1, 0, 0) | 0.00483092 | 0        | 1        |
+-----------------------+------------+----------+----------+
| (0, 1, 0, 0, 1, 0, 1) | 0.00241546 | 0        | 1        |
+-----------------------+------------+----------+----------+
| (0, 1, 0, 0, 1, 1, 0) | 0.00724638 | 0.333333 | 0.666667 |
+-----------------------+------------+----------+----------+
| (0, 1, 0, 0, 1, 1, 1) | 0.0120773  | 0.6      | 0.4      |
+-----------------------+------------+----------+----------+
| (0, 1, 0, 1, 0, 0, 1) | 0.00724638 | 0.333333 | 0.666667 |
+-----------------------+------------+----------+----------+
| (0, 1, 0, 1, 0, 1, 0) | 0.00241546 | 0        | 1        |
+-----------------------+------------+----------+----------+
| (0, 1, 0, 1, 0, 1, 1) | 0.0120773  | 0.6      | 0.4      |
+-----------------------+------------+----------+----------+
| (0, 1, 0, 1, 1, 0, 0) | 0.00241546 | 0        | 1        |
+-----------------------+------------+----------+----------+
| (0, 1, 0, 1, 1, 1, 0) | 0.00966184 | 0        | 1        |
+-----------------------+------------+----------+----------+
| (0, 1, 0, 1, 1, 1, 1) | 0.00724638 | 0.333333 | 0.666667 |
+-----------------------+------------+----------+----------+
| (0, 1, 1, 0, 0, 1, 0) | 0.00241546 | 1        | 0        |
+-----------------------+------------+----------+----------+
| (0, 1, 1, 0, 0, 1, 1) | 0.00483092 | 0        | 1        |
+-----------------------+------------+----------+----------+
| (0, 1, 1, 0, 1, 0, 0) | 0.00483092 | 0        | 1        |
+-----------------------+------------+----------+----------+
| (0, 1, 1, 0, 1, 0, 1) | 0.00724638 | 0        | 1        |
+-----------------------+------------+----------+----------+
| (0, 1, 1, 0, 1, 1, 0) | 0.00483092 | 0.5      | 0.5      |
+-----------------------+------------+----------+----------+
| (0, 1, 1, 0, 1, 1, 1) | 0.0120773  | 0.2      | 0.8      |
+-----------------------+------------+----------+----------+
| (0, 1, 1, 1, 0, 0, 1) | 0.0120773  | 0.4      | 0.6      |
+-----------------------+------------+----------+----------+
| (0, 1, 1, 1, 0, 1, 0) | 0.00724638 | 0        | 1        |
+-----------------------+------------+----------+----------+
| (0, 1, 1, 1, 0, 1, 1) | 0.0120773  | 0.2      | 0.8      |
+-----------------------+------------+----------+----------+
| (0, 1, 1, 1, 1, 0, 0) | 0.00724638 | 0        | 1        |
+-----------------------+------------+----------+----------+
| (0, 1, 1, 1, 1, 0, 1) | 0.0193237  | 0.125    | 0.875    |
+-----------------------+------------+----------+----------+
| (0, 1, 1, 1, 1, 1, 0) | 0.0169082  | 0.714286 | 0.285714 |
+-----------------------+------------+----------+----------+
| (0, 1, 1, 1, 1, 1, 1) | 0.031401   | 0.384615 | 0.615385 |
+-----------------------+------------+----------+----------+
| (1, 0, 0, 1, 0, 0, 1) | 0.02657    | 0.363636 | 0.636364 |
+-----------------------+------------+----------+----------+
| (1, 0, 0, 1, 0, 1, 0) | 0.00966184 | 0.5      | 0.5      |
+-----------------------+------------+----------+----------+
| (1, 0, 0, 1, 0, 1, 1) | 0.0217391  | 0.222222 | 0.777778 |
+-----------------------+------------+----------+----------+
| (1, 0, 0, 1, 1, 0, 0) | 0.00724638 | 0        | 1        |
+-----------------------+------------+----------+----------+
| (1, 0, 0, 1, 1, 0, 1) | 0.0120773  | 0.8      | 0.2      |
+-----------------------+------------+----------+----------+
| (1, 0, 0, 1, 1, 1, 0) | 0.0120773  | 0.4      | 0.6      |
+-----------------------+------------+----------+----------+
| (1, 0, 0, 1, 1, 1, 1) | 0.031401   | 0.384615 | 0.615385 |
+-----------------------+------------+----------+----------+
| (1, 0, 1, 0, 0, 1, 0) | 0.00483092 | 0.5      | 0.5      |
+-----------------------+------------+----------+----------+
| (1, 0, 1, 0, 0, 1, 1) | 0.00724638 | 0.333333 | 0.666667 |
+-----------------------+------------+----------+----------+
| (1, 0, 1, 0, 1, 0, 1) | 0.0120773  | 0.2      | 0.8      |
+-----------------------+------------+----------+----------+
| (1, 0, 1, 0, 1, 1, 0) | 0.00483092 | 0        | 1        |
+-----------------------+------------+----------+----------+
| (1, 0, 1, 0, 1, 1, 1) | 0.00724638 | 0        | 1        |
+-----------------------+------------+----------+----------+
| (1, 0, 1, 1, 0, 0, 1) | 0.0120773  | 0.4      | 0.6      |
+-----------------------+------------+----------+----------+
| (1, 0, 1, 1, 0, 1, 0) | 0.00483092 | 0        | 1        |
+-----------------------+------------+----------+----------+
| (1, 0, 1, 1, 0, 1, 1) | 0.0217391  | 0.444444 | 0.444444 |
+-----------------------+------------+----------+----------+
| (1, 0, 1, 1, 1, 0, 1) | 0.00483092 | 0        | 1        |
+-----------------------+------------+----------+----------+
| (1, 0, 1, 1, 1, 1, 0) | 0.0120773  | 0        | 1        |
+-----------------------+------------+----------+----------+
| (1, 0, 1, 1, 1, 1, 1) | 0.031401   | 0.307692 | 0.692308 |
+-----------------------+------------+----------+----------+
| (1, 1, 0, 0, 1, 0, 0) | 0.00241546 | 0        | 1        |
+-----------------------+------------+----------+----------+
| (1, 1, 0, 0, 1, 0, 1) | 0.00724638 | 0.333333 | 0.666667 |
+-----------------------+------------+----------+----------+
| (1, 1, 0, 0, 1, 1, 0) | 0.00724638 | 0        | 1        |
+-----------------------+------------+----------+----------+
| (1, 1, 0, 0, 1, 1, 1) | 0.0169082  | 0.571429 | 0.428571 |
+-----------------------+------------+----------+----------+
| (1, 1, 0, 1, 0, 0, 1) | 0.00724638 | 0        | 1        |
+-----------------------+------------+----------+----------+
| (1, 1, 0, 1, 0, 1, 0) | 0.00966184 | 0.25     | 0.75     |
+-----------------------+------------+----------+----------+
| (1, 1, 0, 1, 0, 1, 1) | 0.00483092 | 1        | 0        |
+-----------------------+------------+----------+----------+
| (1, 1, 0, 1, 1, 0, 0) | 0.0169082  | 0        | 1        |
+-----------------------+------------+----------+----------+
| (1, 1, 0, 1, 1, 0, 1) | 0.0169082  | 0.714286 | 0.285714 |
+-----------------------+------------+----------+----------+
| (1, 1, 0, 1, 1, 1, 0) | 0.0120773  | 0.6      | 0.4      |
+-----------------------+------------+----------+----------+
| (1, 1, 0, 1, 1, 1, 1) | 0.0217391  | 0.222222 | 0.777778 |
+-----------------------+------------+----------+----------+
| (1, 1, 1, 0, 0, 1, 0) | 0.00241546 | 1        | 0        |
+-----------------------+------------+----------+----------+
| (1, 1, 1, 0, 0, 1, 1) | 0.031401   | 0.461538 | 0.538462 |
+-----------------------+------------+----------+----------+
| (1, 1, 1, 0, 1, 0, 0) | 0.00966184 | 0        | 1        |
+-----------------------+------------+----------+----------+
| (1, 1, 1, 0, 1, 0, 1) | 0.00724638 | 0.333333 | 0.666667 |
+-----------------------+------------+----------+----------+
| (1, 1, 1, 0, 1, 1, 0) | 0.00966184 | 0.5      | 0.5      |
+-----------------------+------------+----------+----------+
| (1, 1, 1, 0, 1, 1, 1) | 0.0289855  | 0.166667 | 0.833333 |
+-----------------------+------------+----------+----------+
| (1, 1, 1, 1, 0, 0, 1) | 0.0144928  | 0.166667 | 0.833333 |
+-----------------------+------------+----------+----------+
| (1, 1, 1, 1, 0, 1, 0) | 0.0120773  | 0.4      | 0.6      |
+-----------------------+------------+----------+----------+
| (1, 1, 1, 1, 0, 1, 1) | 0.0241546  | 0.3      | 0.7      |
+-----------------------+------------+----------+----------+
| (1, 1, 1, 1, 1, 0, 0) | 0.0193237  | 0        | 1        |
+-----------------------+------------+----------+----------+
| (1, 1, 1, 1, 1, 0, 1) | 0.031401   | 0.230769 | 0.769231 |
+-----------------------+------------+----------+----------+
| (1, 1, 1, 1, 1, 1, 0) | 0.0338164  | 0.571429 | 0.428571 |
+-----------------------+------------+----------+----------+
| (1, 1, 1, 1, 1, 1, 1) | 0.0603865  | 0.48     | 0.52     |
+-----------------------+------------+----------+----------+
Order: 8 
 +--------------------------+------------+----------+----------+
| State                    |       P(i) |   P(0|i) |   P(1|i) |
+==========================+============+==========+==========+
| (0, 0, 1, 0, 0, 1, 1, 1) | 0.00276243 | 0        | 1        |
+--------------------------+------------+----------+----------+
| (0, 0, 1, 0, 1, 0, 1, 0) | 0.00552486 | 1        | 0        |
+--------------------------+------------+----------+----------+
| (0, 0, 1, 0, 1, 0, 1, 1) | 0.00276243 | 1        | 0        |
+--------------------------+------------+----------+----------+
| (0, 0, 1, 0, 1, 1, 0, 0) | 0.00276243 | 0        | 1        |
+--------------------------+------------+----------+----------+
| (0, 0, 1, 0, 1, 1, 1, 0) | 0.00276243 | 0        | 1        |
+--------------------------+------------+----------+----------+
| (0, 0, 1, 0, 1, 1, 1, 1) | 0.00276243 | 1        | 0        |
+--------------------------+------------+----------+----------+
| (0, 0, 1, 1, 0, 0, 1, 0) | 0.00552486 | 1        | 0        |
+--------------------------+------------+----------+----------+
| (0, 0, 1, 1, 0, 0, 1, 1) | 0.00276243 | 1        | 0        |
+--------------------------+------------+----------+----------+
| (0, 0, 1, 1, 0, 1, 0, 1) | 0.00552486 | 0        | 1        |
+--------------------------+------------+----------+----------+
| (0, 0, 1, 1, 0, 1, 1, 1) | 0.00552486 | 0        | 1        |
+--------------------------+------------+----------+----------+
| (0, 0, 1, 1, 1, 0, 0, 1) | 0.00276243 | 0        | 1        |
+--------------------------+------------+----------+----------+
| (0, 0, 1, 1, 1, 0, 1, 1) | 0.00276243 | 0        | 1        |
+--------------------------+------------+----------+----------+
| (0, 0, 1, 1, 1, 1, 0, 1) | 0.00276243 | 0        | 1        |
+--------------------------+------------+----------+----------+
| (0, 0, 1, 1, 1, 1, 1, 0) | 0.00552486 | 0        | 1        |
+--------------------------+------------+----------+----------+
| (0, 0, 1, 1, 1, 1, 1, 1) | 0.00552486 | 0        | 1        |
+--------------------------+------------+----------+----------+
| (0, 1, 0, 0, 1, 0, 0, 1) | 0.00552486 | 0.5      | 0.5      |
+--------------------------+------------+----------+----------+
| (0, 1, 0, 0, 1, 0, 1, 0) | 0.00276243 | 0        | 1        |
+--------------------------+------------+----------+----------+
| (0, 1, 0, 0, 1, 0, 1, 1) | 0.00276243 | 1        | 0        |
+--------------------------+------------+----------+----------+
| (0, 1, 0, 0, 1, 1, 0, 0) | 0.00276243 | 0        | 1        |
+--------------------------+------------+----------+----------+
| (0, 1, 0, 0, 1, 1, 0, 1) | 0.00828729 | 0        | 1        |
+--------------------------+------------+----------+----------+
| (0, 1, 0, 0, 1, 1, 1, 0) | 0.00552486 | 0        | 1        |
+--------------------------+------------+----------+----------+
| (0, 1, 0, 0, 1, 1, 1, 1) | 0.00552486 | 0        | 1        |
+--------------------------+------------+----------+----------+
| (0, 1, 0, 1, 0, 0, 1, 0) | 0.00552486 | 0.5      | 0.5      |
+--------------------------+------------+----------+----------+
| (0, 1, 0, 1, 0, 0, 1, 1) | 0.00276243 | 0        | 1        |
+--------------------------+------------+----------+----------+
| (0, 1, 0, 1, 0, 1, 0, 1) | 0.00276243 | 0        | 1        |
+--------------------------+------------+----------+----------+
| (0, 1, 0, 1, 0, 1, 1, 0) | 0.00276243 | 1        | 0        |
+--------------------------+------------+----------+----------+
| (0, 1, 0, 1, 0, 1, 1, 1) | 0.00276243 | 0        | 1        |
+--------------------------+------------+----------+----------+
| (0, 1, 0, 1, 1, 1, 0, 1) | 0.00552486 | 0.5      | 0.5      |
+--------------------------+------------+----------+----------+
| (0, 1, 0, 1, 1, 1, 1, 1) | 0.0110497  | 0.25     | 0.75     |
+--------------------------+------------+----------+----------+
| (0, 1, 1, 0, 0, 1, 0, 0) | 0.00276243 | 0        | 1        |
+--------------------------+------------+----------+----------+
| (0, 1, 1, 0, 0, 1, 0, 1) | 0.00276243 | 0        | 1        |
+--------------------------+------------+----------+----------+
| (0, 1, 1, 0, 0, 1, 1, 0) | 0.00276243 | 0        | 1        |
+--------------------------+------------+----------+----------+
| (0, 1, 1, 0, 0, 1, 1, 1) | 0.0110497  | 0.5      | 0.5      |
+--------------------------+------------+----------+----------+
| (0, 1, 1, 0, 1, 0, 0, 1) | 0.00828729 | 0        | 1        |
+--------------------------+------------+----------+----------+
| (0, 1, 1, 0, 1, 0, 1, 0) | 0.00552486 | 0.5      | 0.5      |
+--------------------------+------------+----------+----------+
| (0, 1, 1, 0, 1, 0, 1, 1) | 0.00828729 | 0.333333 | 0.666667 |
+--------------------------+------------+----------+----------+
| (0, 1, 1, 0, 1, 1, 0, 0) | 0.00276243 | 0        | 1        |
+--------------------------+------------+----------+----------+
| (0, 1, 1, 0, 1, 1, 0, 1) | 0.00552486 | 1        | 0        |
+--------------------------+------------+----------+----------+
| (0, 1, 1, 0, 1, 1, 1, 0) | 0.00276243 | 1        | 0        |
+--------------------------+------------+----------+----------+
| (0, 1, 1, 0, 1, 1, 1, 1) | 0.0110497  | 0.25     | 0.75     |
+--------------------------+------------+----------+----------+
| (0, 1, 1, 1, 0, 0, 1, 0) | 0.00828729 | 0.333333 | 0.666667 |
+--------------------------+------------+----------+----------+
| (0, 1, 1, 1, 0, 0, 1, 1) | 0.00828729 | 0        | 1        |
+--------------------------+------------+----------+----------+
| (0, 1, 1, 1, 0, 1, 0, 0) | 0.00276243 | 0        | 1        |
+--------------------------+------------+----------+----------+
| (0, 1, 1, 1, 0, 1, 1, 0) | 0.00276243 | 1        | 0        |
+--------------------------+------------+----------+----------+
| (0, 1, 1, 1, 0, 1, 1, 1) | 0.00828729 | 0        | 1        |
+--------------------------+------------+----------+----------+
| (0, 1, 1, 1, 1, 0, 0, 1) | 0.0138122  | 0.4      | 0.6      |
+--------------------------+------------+----------+----------+
| (0, 1, 1, 1, 1, 0, 1, 0) | 0.00552486 | 0.5      | 0.5      |
+--------------------------+------------+----------+----------+
| (0, 1, 1, 1, 1, 0, 1, 1) | 0.0110497  | 0        | 1        |
+--------------------------+------------+----------+----------+
| (0, 1, 1, 1, 1, 1, 0, 0) | 0.00828729 | 0        | 1        |
+--------------------------+------------+----------+----------+
| (0, 1, 1, 1, 1, 1, 0, 1) | 0.0110497  | 0.25     | 0.75     |
+--------------------------+------------+----------+----------+
| (0, 1, 1, 1, 1, 1, 1, 0) | 0.0110497  | 0.25     | 0.75     |
+--------------------------+------------+----------+----------+
| (0, 1, 1, 1, 1, 1, 1, 1) | 0.0276243  | 0.4      | 0.6      |
+--------------------------+------------+----------+----------+
| (1, 0, 0, 1, 0, 0, 1, 0) | 0.0110497  | 0.25     | 0.75     |
+--------------------------+------------+----------+----------+
| (1, 0, 0, 1, 0, 0, 1, 1) | 0.00552486 | 0        | 1        |
+--------------------------+------------+----------+----------+
| (1, 0, 0, 1, 0, 1, 0, 0) | 0.00276243 | 0        | 1        |
+--------------------------+------------+----------+----------+
| (1, 0, 0, 1, 0, 1, 0, 1) | 0.00552486 | 0.5      | 0.5      |
+--------------------------+------------+----------+----------+
| (1, 0, 0, 1, 0, 1, 1, 0) | 0.0110497  | 0.75     | 0.25     |
+--------------------------+------------+----------+----------+
| (1, 0, 0, 1, 0, 1, 1, 1) | 0.00552486 | 0.5      | 0.5      |
+--------------------------+------------+----------+----------+
| (1, 0, 0, 1, 1, 0, 0, 1) | 0.00828729 | 0        | 1        |
+--------------------------+------------+----------+----------+
| (1, 0, 0, 1, 1, 0, 1, 0) | 0.00552486 | 0        | 1        |
+--------------------------+------------+----------+----------+
| (1, 0, 0, 1, 1, 0, 1, 1) | 0.00828729 | 0.333333 | 0.666667 |
+--------------------------+------------+----------+----------+
| (1, 0, 0, 1, 1, 1, 0, 0) | 0.00828729 | 0        | 1        |
+--------------------------+------------+----------+----------+
| (1, 0, 0, 1, 1, 1, 0, 1) | 0.019337   | 0.285714 | 0.714286 |
+--------------------------+------------+----------+----------+
| (1, 0, 0, 1, 1, 1, 1, 0) | 0.00276243 | 0        | 1        |
+--------------------------+------------+----------+----------+
| (1, 0, 0, 1, 1, 1, 1, 1) | 0.0220994  | 0.5      | 0.5      |
+--------------------------+------------+----------+----------+
| (1, 0, 1, 0, 0, 1, 0, 0) | 0.00276243 | 0        | 1        |
+--------------------------+------------+----------+----------+
| (1, 0, 1, 0, 0, 1, 1, 0) | 0.00828729 | 0.666667 | 0.333333 |
+--------------------------+------------+----------+----------+
| (1, 0, 1, 0, 0, 1, 1, 1) | 0.00552486 | 0.5      | 0.5      |
+--------------------------+------------+----------+----------+
| (1, 0, 1, 0, 1, 0, 0, 1) | 0.00276243 | 0        | 1        |
+--------------------------+------------+----------+----------+
| (1, 0, 1, 0, 1, 0, 1, 1) | 0.00276243 | 0        | 1        |
+--------------------------+------------+----------+----------+
| (1, 0, 1, 0, 1, 1, 0, 0) | 0.00276243 | 0        | 1        |
+--------------------------+------------+----------+----------+
| (1, 0, 1, 0, 1, 1, 0, 1) | 0.00276243 | 0        | 1        |
+--------------------------+------------+----------+----------+
| (1, 0, 1, 0, 1, 1, 1, 0) | 0.00276243 | 0        | 1        |
+--------------------------+------------+----------+----------+
| (1, 0, 1, 0, 1, 1, 1, 1) | 0.00552486 | 0        | 1        |
+--------------------------+------------+----------+----------+
| (1, 0, 1, 1, 0, 0, 1, 1) | 0.0138122  | 0        | 1        |
+--------------------------+------------+----------+----------+
| (1, 0, 1, 1, 0, 1, 0, 0) | 0.00276243 | 0        | 1        |
+--------------------------+------------+----------+----------+
| (1, 0, 1, 1, 0, 1, 0, 1) | 0.00828729 | 0.333333 | 0.666667 |
+--------------------------+------------+----------+----------+
| (1, 0, 1, 1, 0, 1, 1, 0) | 0.00552486 | 0        | 1        |
+--------------------------+------------+----------+----------+
| (1, 0, 1, 1, 0, 1, 1, 1) | 0.0138122  | 0.4      | 0.6      |
+--------------------------+------------+----------+----------+
| (1, 0, 1, 1, 1, 0, 0, 1) | 0.00552486 | 0.5      | 0.5      |
+--------------------------+------------+----------+----------+
| (1, 0, 1, 1, 1, 0, 1, 1) | 0.00552486 | 0.5      | 0.5      |
+--------------------------+------------+----------+----------+
| (1, 0, 1, 1, 1, 1, 0, 0) | 0.00276243 | 0        | 1        |
+--------------------------+------------+----------+----------+
| (1, 0, 1, 1, 1, 1, 0, 1) | 0.00552486 | 0        | 1        |
+--------------------------+------------+----------+----------+
| (1, 0, 1, 1, 1, 1, 1, 0) | 0.0138122  | 0.4      | 0.6      |
+--------------------------+------------+----------+----------+
| (1, 0, 1, 1, 1, 1, 1, 1) | 0.0220994  | 0.125    | 0.875    |
+--------------------------+------------+----------+----------+
| (1, 1, 0, 0, 1, 0, 0, 1) | 0.0110497  | 0.5      | 0.5      |
+--------------------------+------------+----------+----------+
| (1, 1, 0, 0, 1, 0, 1, 0) | 0.00828729 | 0.333333 | 0.666667 |
+--------------------------+------------+----------+----------+
| (1, 1, 0, 0, 1, 0, 1, 1) | 0.00276243 | 0        | 1        |
+--------------------------+------------+----------+----------+
| (1, 1, 0, 0, 1, 1, 0, 0) | 0.00552486 | 0        | 1        |
+--------------------------+------------+----------+----------+
| (1, 1, 0, 0, 1, 1, 0, 1) | 0.00828729 | 0.666667 | 0.333333 |
+--------------------------+------------+----------+----------+
| (1, 1, 0, 0, 1, 1, 1, 1) | 0.019337   | 0.428571 | 0.571429 |
+--------------------------+------------+----------+----------+
| (1, 1, 0, 1, 0, 0, 1, 0) | 0.00276243 | 1        | 0        |
+--------------------------+------------+----------+----------+
| (1, 1, 0, 1, 0, 0, 1, 1) | 0.00552486 | 0        | 1        |
+--------------------------+------------+----------+----------+
| (1, 1, 0, 1, 0, 1, 0, 1) | 0.00552486 | 0.5      | 0.5      |
+--------------------------+------------+----------+----------+
| (1, 1, 0, 1, 0, 1, 1, 0) | 0.0110497  | 0.25     | 0.75     |
+--------------------------+------------+----------+----------+
| (1, 1, 0, 1, 0, 1, 1, 1) | 0.00276243 | 1        | 0        |
+--------------------------+------------+----------+----------+
| (1, 1, 0, 1, 1, 0, 0, 1) | 0.0110497  | 0        | 1        |
+--------------------------+------------+----------+----------+
| (1, 1, 0, 1, 1, 0, 1, 0) | 0.00552486 | 0.5      | 0.5      |
+--------------------------+------------+----------+----------+
| (1, 1, 0, 1, 1, 0, 1, 1) | 0.00552486 | 0.5      | 0        |
+--------------------------+------------+----------+----------+
| (1, 1, 0, 1, 1, 1, 0, 0) | 0.00552486 | 0        | 1        |
+--------------------------+------------+----------+----------+
| (1, 1, 0, 1, 1, 1, 1, 0) | 0.0138122  | 0        | 1        |
+--------------------------+------------+----------+----------+
| (1, 1, 0, 1, 1, 1, 1, 1) | 0.0110497  | 0.75     | 0.25     |
+--------------------------+------------+----------+----------+
| (1, 1, 1, 0, 0, 1, 0, 0) | 0.00276243 | 0        | 1        |
+--------------------------+------------+----------+----------+
| (1, 1, 1, 0, 0, 1, 0, 1) | 0.00828729 | 0        | 1        |
+--------------------------+------------+----------+----------+
| (1, 1, 1, 0, 0, 1, 1, 0) | 0.0110497  | 0.5      | 0.5      |
+--------------------------+------------+----------+----------+
| (1, 1, 1, 0, 0, 1, 1, 1) | 0.0165746  | 0.166667 | 0.833333 |
+--------------------------+------------+----------+----------+
| (1, 1, 1, 0, 1, 0, 0, 1) | 0.0138122  | 0.4      | 0.6      |
+--------------------------+------------+----------+----------+
| (1, 1, 1, 0, 1, 0, 1, 0) | 0.00828729 | 0.666667 | 0.333333 |
+--------------------------+------------+----------+----------+
| (1, 1, 1, 0, 1, 0, 1, 1) | 0.00276243 | 0        | 1        |
+--------------------------+------------+----------+----------+
| (1, 1, 1, 0, 1, 1, 0, 0) | 0.0165746  | 0        | 1        |
+--------------------------+------------+----------+----------+
| (1, 1, 1, 0, 1, 1, 0, 1) | 0.0110497  | 0.75     | 0.25     |
+--------------------------+------------+----------+----------+
| (1, 1, 1, 0, 1, 1, 1, 0) | 0.00828729 | 1        | 0        |
+--------------------------+------------+----------+----------+
| (1, 1, 1, 0, 1, 1, 1, 1) | 0.0138122  | 0.4      | 0.6      |
+--------------------------+------------+----------+----------+
| (1, 1, 1, 1, 0, 0, 1, 0) | 0.0138122  | 0.6      | 0.4      |
+--------------------------+------------+----------+----------+
| (1, 1, 1, 1, 0, 0, 1, 1) | 0.0110497  | 0.25     | 0.75     |
+--------------------------+------------+----------+----------+
| (1, 1, 1, 1, 0, 1, 0, 0) | 0.00828729 | 0        | 1        |
+--------------------------+------------+----------+----------+
| (1, 1, 1, 1, 0, 1, 0, 1) | 0.0138122  | 0.2      | 0.8      |
+--------------------------+------------+----------+----------+
| (1, 1, 1, 1, 0, 1, 1, 1) | 0.0165746  | 0.5      | 0.5      |
+--------------------------+------------+----------+----------+
| (1, 1, 1, 1, 1, 0, 0, 1) | 0.00828729 | 0.333333 | 0.666667 |
+--------------------------+------------+----------+----------+
| (1, 1, 1, 1, 1, 0, 1, 0) | 0.0110497  | 0.25     | 0.75     |
+--------------------------+------------+----------+----------+
| (1, 1, 1, 1, 1, 0, 1, 1) | 0.0220994  | 0.25     | 0.75     |
+--------------------------+------------+----------+----------+
| (1, 1, 1, 1, 1, 1, 0, 0) | 0.00828729 | 0        | 1        |
+--------------------------+------------+----------+----------+
| (1, 1, 1, 1, 1, 1, 0, 1) | 0.00828729 | 0        | 1        |
+--------------------------+------------+----------+----------+
| (1, 1, 1, 1, 1, 1, 1, 0) | 0.019337   | 0.714286 | 0.285714 |
+--------------------------+------------+----------+----------+
| (1, 1, 1, 1, 1, 1, 1, 1) | 0.038674   | 0.357143 | 0.642857 |
+--------------------------+------------+----------+----------+
Order: 9 
 +-----------------------------+------------+----------+----------+
| State                       |       P(i) |   P(0|i) |   P(1|i) |
+=============================+============+==========+==========+
| (0, 0, 1, 0, 0, 1, 0, 1, 1) | 0.00310559 | 0        | 1        |
+-----------------------------+------------+----------+----------+
| (0, 0, 1, 0, 0, 1, 1, 0, 0) | 0.00310559 | 0        | 1        |
+-----------------------------+------------+----------+----------+
| (0, 0, 1, 0, 0, 1, 1, 0, 1) | 0.00310559 | 0        | 1        |
+-----------------------------+------------+----------+----------+
| (0, 0, 1, 0, 0, 1, 1, 1, 1) | 0.00310559 | 0        | 1        |
+-----------------------------+------------+----------+----------+
| (0, 0, 1, 0, 1, 1, 0, 1, 1) | 0.00310559 | 0        | 1        |
+-----------------------------+------------+----------+----------+
| (0, 0, 1, 0, 1, 1, 1, 0, 1) | 0.00310559 | 0        | 1        |
+-----------------------------+------------+----------+----------+
| (0, 0, 1, 0, 1, 1, 1, 1, 0) | 0.00310559 | 0        | 1        |
+-----------------------------+------------+----------+----------+
| (0, 0, 1, 0, 1, 1, 1, 1, 1) | 0.00621118 | 1        | 0        |
+-----------------------------+------------+----------+----------+
| (0, 0, 1, 1, 0, 0, 1, 0, 0) | 0.00310559 | 0        | 1        |
+-----------------------------+------------+----------+----------+
| (0, 0, 1, 1, 0, 0, 1, 1, 0) | 0.00310559 | 1        | 0        |
+-----------------------------+------------+----------+----------+
| (0, 0, 1, 1, 0, 0, 1, 1, 1) | 0.00310559 | 1        | 0        |
+-----------------------------+------------+----------+----------+
| (0, 0, 1, 1, 0, 1, 0, 0, 1) | 0.00310559 | 0        | 1        |
+-----------------------------+------------+----------+----------+
| (0, 0, 1, 1, 0, 1, 0, 1, 1) | 0.0124224  | 0.75     | 0.25     |
+-----------------------------+------------+----------+----------+
| (0, 0, 1, 1, 0, 1, 1, 0, 0) | 0.00310559 | 0        | 1        |
+-----------------------------+------------+----------+----------+
| (0, 0, 1, 1, 0, 1, 1, 0, 1) | 0.00931677 | 1        | 0        |
+-----------------------------+------------+----------+----------+
| (0, 0, 1, 1, 0, 1, 1, 1, 1) | 0.00931677 | 0        | 1        |
+-----------------------------+------------+----------+----------+
| (0, 0, 1, 1, 1, 0, 0, 1, 0) | 0.00310559 | 0        | 1        |
+-----------------------------+------------+----------+----------+
| (0, 0, 1, 1, 1, 0, 1, 0, 1) | 0.00310559 | 0        | 1        |
+-----------------------------+------------+----------+----------+
| (0, 0, 1, 1, 1, 0, 1, 1, 1) | 0.00621118 | 0        | 1        |
+-----------------------------+------------+----------+----------+
| (0, 0, 1, 1, 1, 1, 0, 1, 1) | 0.00621118 | 0        | 1        |
+-----------------------------+------------+----------+----------+
| (0, 0, 1, 1, 1, 1, 1, 0, 0) | 0.00621118 | 0        | 1        |
+-----------------------------+------------+----------+----------+
| (0, 0, 1, 1, 1, 1, 1, 1, 0) | 0.00310559 | 1        | 0        |
+-----------------------------+------------+----------+----------+
| (0, 0, 1, 1, 1, 1, 1, 1, 1) | 0.015528   | 0.6      | 0.4      |
+-----------------------------+------------+----------+----------+
| (0, 1, 0, 0, 1, 0, 0, 1, 0) | 0.00310559 | 1        | 0        |
+-----------------------------+------------+----------+----------+
| (0, 1, 0, 0, 1, 0, 1, 0, 1) | 0.00310559 | 1        | 0        |
+-----------------------------+------------+----------+----------+
| (0, 1, 0, 0, 1, 0, 1, 1, 1) | 0.00931677 | 0.333333 | 0.666667 |
+-----------------------------+------------+----------+----------+
| (0, 1, 0, 0, 1, 1, 0, 0, 1) | 0.00621118 | 1        | 0        |
+-----------------------------+------------+----------+----------+
| (0, 1, 0, 0, 1, 1, 0, 1, 1) | 0.00621118 | 1        | 0        |
+-----------------------------+------------+----------+----------+
| (0, 1, 0, 0, 1, 1, 1, 1, 0) | 0.00310559 | 1        | 0        |
+-----------------------------+------------+----------+----------+
| (0, 1, 0, 0, 1, 1, 1, 1, 1) | 0.00621118 | 0.5      | 0.5      |
+-----------------------------+------------+----------+----------+
| (0, 1, 0, 1, 0, 0, 1, 0, 0) | 0.00310559 | 0        | 1        |
+-----------------------------+------------+----------+----------+
| (0, 1, 0, 1, 0, 0, 1, 1, 0) | 0.00310559 | 0        | 1        |
+-----------------------------+------------+----------+----------+
| (0, 1, 0, 1, 0, 1, 0, 0, 1) | 0.00310559 | 1        | 0        |
+-----------------------------+------------+----------+----------+
| (0, 1, 0, 1, 0, 1, 1, 0, 1) | 0.00310559 | 1        | 0        |
+-----------------------------+------------+----------+----------+
| (0, 1, 0, 1, 0, 1, 1, 1, 1) | 0.00310559 | 1        | 0        |
+-----------------------------+------------+----------+----------+
| (0, 1, 0, 1, 1, 0, 0, 1, 0) | 0.00310559 | 0        | 1        |
+-----------------------------+------------+----------+----------+
| (0, 1, 0, 1, 1, 0, 0, 1, 1) | 0.00310559 | 1        | 0        |
+-----------------------------+------------+----------+----------+
| (0, 1, 0, 1, 1, 1, 0, 0, 1) | 0.00310559 | 0        | 1        |
+-----------------------------+------------+----------+----------+
| (0, 1, 0, 1, 1, 1, 1, 0, 0) | 0.00310559 | 0        | 1        |
+-----------------------------+------------+----------+----------+
| (0, 1, 0, 1, 1, 1, 1, 1, 0) | 0.00310559 | 0        | 1        |
+-----------------------------+------------+----------+----------+
| (0, 1, 1, 0, 0, 1, 0, 0, 1) | 0.00621118 | 0        | 1        |
+-----------------------------+------------+----------+----------+
| (0, 1, 1, 0, 0, 1, 0, 1, 0) | 0.00310559 | 0        | 1        |
+-----------------------------+------------+----------+----------+
| (0, 1, 1, 0, 0, 1, 1, 0, 0) | 0.00621118 | 0        | 1        |
+-----------------------------+------------+----------+----------+
| (0, 1, 1, 0, 0, 1, 1, 0, 1) | 0.00310559 | 0        | 1        |
+-----------------------------+------------+----------+----------+
| (0, 1, 1, 0, 0, 1, 1, 1, 1) | 0.00621118 | 0.5      | 0.5      |
+-----------------------------+------------+----------+----------+
| (0, 1, 1, 0, 1, 0, 1, 0, 0) | 0.00621118 | 0        | 1        |
+-----------------------------+------------+----------+----------+
| (0, 1, 1, 0, 1, 0, 1, 0, 1) | 0.00310559 | 1        | 0        |
+-----------------------------+------------+----------+----------+
| (0, 1, 1, 0, 1, 1, 0, 1, 0) | 0.00621118 | 1        | 0        |
+-----------------------------+------------+----------+----------+
| (0, 1, 1, 0, 1, 1, 0, 1, 1) | 0.00310559 | 0        | 1        |
+-----------------------------+------------+----------+----------+
| (0, 1, 1, 0, 1, 1, 1, 0, 0) | 0.00931677 | 0        | 1        |
+-----------------------------+------------+----------+----------+
| (0, 1, 1, 0, 1, 1, 1, 1, 1) | 0.00621118 | 0.5      | 0.5      |
+-----------------------------+------------+----------+----------+
| (0, 1, 1, 1, 0, 0, 1, 0, 0) | 0.00621118 | 0        | 1        |
+-----------------------------+------------+----------+----------+
| (0, 1, 1, 1, 0, 0, 1, 1, 1) | 0.0124224  | 0.5      | 0.5      |
+-----------------------------+------------+----------+----------+
| (0, 1, 1, 1, 0, 1, 0, 1, 0) | 0.00621118 | 0.5      | 0.5      |
+-----------------------------+------------+----------+----------+
| (0, 1, 1, 1, 0, 1, 0, 1, 1) | 0.00310559 | 0        | 1        |
+-----------------------------+------------+----------+----------+
| (0, 1, 1, 1, 0, 1, 1, 1, 1) | 0.00621118 | 0        | 1        |
+-----------------------------+------------+----------+----------+
| (0, 1, 1, 1, 1, 0, 0, 1, 0) | 0.00310559 | 0        | 1        |
+-----------------------------+------------+----------+----------+
| (0, 1, 1, 1, 1, 0, 0, 1, 1) | 0.00621118 | 1        | 0        |
+-----------------------------+------------+----------+----------+
| (0, 1, 1, 1, 1, 0, 1, 0, 1) | 0.00310559 | 0        | 1        |
+-----------------------------+------------+----------+----------+
| (0, 1, 1, 1, 1, 0, 1, 1, 1) | 0.00310559 | 1        | 0        |
+-----------------------------+------------+----------+----------+
| (0, 1, 1, 1, 1, 1, 0, 0, 1) | 0.00621118 | 0        | 1        |
+-----------------------------+------------+----------+----------+
| (0, 1, 1, 1, 1, 1, 0, 1, 1) | 0.00310559 | 0        | 1        |
+-----------------------------+------------+----------+----------+
| (0, 1, 1, 1, 1, 1, 1, 0, 0) | 0.0124224  | 0        | 1        |
+-----------------------------+------------+----------+----------+
| (0, 1, 1, 1, 1, 1, 1, 0, 1) | 0.00310559 | 1        | 0        |
+-----------------------------+------------+----------+----------+
| (0, 1, 1, 1, 1, 1, 1, 1, 0) | 0.00931677 | 0.333333 | 0.666667 |
+-----------------------------+------------+----------+----------+
| (0, 1, 1, 1, 1, 1, 1, 1, 1) | 0.015528   | 0.4      | 0.6      |
+-----------------------------+------------+----------+----------+
| (1, 0, 0, 1, 0, 0, 1, 0, 0) | 0.00310559 | 0        | 1        |
+-----------------------------+------------+----------+----------+
| (1, 0, 0, 1, 0, 0, 1, 1, 0) | 0.00310559 | 1        | 0        |
+-----------------------------+------------+----------+----------+
| (1, 0, 0, 1, 0, 0, 1, 1, 1) | 0.0124224  | 0.75     | 0.25     |
+-----------------------------+------------+----------+----------+
| (1, 0, 0, 1, 0, 1, 1, 0, 0) | 0.00310559 | 0        | 1        |
+-----------------------------+------------+----------+----------+
| (1, 0, 0, 1, 0, 1, 1, 0, 1) | 0.00310559 | 0        | 1        |
+-----------------------------+------------+----------+----------+
| (1, 0, 0, 1, 0, 1, 1, 1, 1) | 0.00621118 | 0.5      | 0.5      |
+-----------------------------+------------+----------+----------+
| (1, 0, 0, 1, 1, 0, 0, 1, 0) | 0.00310559 | 0        | 1        |
+-----------------------------+------------+----------+----------+
| (1, 0, 0, 1, 1, 0, 0, 1, 1) | 0.00621118 | 0.5      | 0.5      |
+-----------------------------+------------+----------+----------+
| (1, 0, 0, 1, 1, 0, 1, 0, 1) | 0.00310559 | 0        | 1        |
+-----------------------------+------------+----------+----------+
| (1, 0, 0, 1, 1, 1, 0, 0, 1) | 0.00310559 | 0        | 1        |
+-----------------------------+------------+----------+----------+
| (1, 0, 0, 1, 1, 1, 0, 1, 0) | 0.00310559 | 0        | 1        |
+-----------------------------+------------+----------+----------+
| (1, 0, 0, 1, 1, 1, 0, 1, 1) | 0.00931677 | 0        | 1        |
+-----------------------------+------------+----------+----------+
| (1, 0, 0, 1, 1, 1, 1, 0, 1) | 0.00931677 | 0.333333 | 0.666667 |
+-----------------------------+------------+----------+----------+
| (1, 0, 0, 1, 1, 1, 1, 1, 0) | 0.00310559 | 0        | 1        |
+-----------------------------+------------+----------+----------+
| (1, 0, 0, 1, 1, 1, 1, 1, 1) | 0.0124224  | 0.25     | 0.75     |
+-----------------------------+------------+----------+----------+
| (1, 0, 1, 0, 0, 1, 0, 0, 1) | 0.00310559 | 0        | 1        |
+-----------------------------+------------+----------+----------+
| (1, 0, 1, 0, 0, 1, 0, 1, 0) | 0.00310559 | 0        | 1        |
+-----------------------------+------------+----------+----------+
| (1, 0, 1, 0, 0, 1, 1, 0, 1) | 0.00621118 | 0        | 1        |
+-----------------------------+------------+----------+----------+
| (1, 0, 1, 0, 0, 1, 1, 1, 0) | 0.00310559 | 1        | 0        |
+-----------------------------+------------+----------+----------+
| (1, 0, 1, 0, 0, 1, 1, 1, 1) | 0.00310559 | 0        | 1        |
+-----------------------------+------------+----------+----------+
| (1, 0, 1, 0, 1, 0, 0, 1, 0) | 0.00310559 | 1        | 0        |
+-----------------------------+------------+----------+----------+
| (1, 0, 1, 0, 1, 0, 1, 0, 0) | 0.00310559 | 0        | 1        |
+-----------------------------+------------+----------+----------+
| (1, 0, 1, 0, 1, 0, 1, 0, 1) | 0.00310559 | 1        | 0        |
+-----------------------------+------------+----------+----------+
| (1, 0, 1, 0, 1, 1, 0, 1, 0) | 0.00310559 | 0        | 1        |
+-----------------------------+------------+----------+----------+
| (1, 0, 1, 0, 1, 1, 0, 1, 1) | 0.00310559 | 0        | 1        |
+-----------------------------+------------+----------+----------+
| (1, 0, 1, 0, 1, 1, 1, 0, 0) | 0.00310559 | 0        | 1        |
+-----------------------------+------------+----------+----------+
| (1, 0, 1, 0, 1, 1, 1, 1, 0) | 0.00310559 | 1        | 0        |
+-----------------------------+------------+----------+----------+
| (1, 0, 1, 0, 1, 1, 1, 1, 1) | 0.0124224  | 0.75     | 0.25     |
+-----------------------------+------------+----------+----------+
| (1, 0, 1, 1, 0, 0, 1, 0, 1) | 0.00621118 | 0.5      | 0.5      |
+-----------------------------+------------+----------+----------+
| (1, 0, 1, 1, 0, 0, 1, 1, 0) | 0.00310559 | 1        | 0        |
+-----------------------------+------------+----------+----------+
| (1, 0, 1, 1, 0, 0, 1, 1, 1) | 0.00931677 | 0.333333 | 0.666667 |
+-----------------------------+------------+----------+----------+
| (1, 0, 1, 1, 0, 1, 1, 0, 0) | 0.00310559 | 0        | 1        |
+-----------------------------+------------+----------+----------+
| (1, 0, 1, 1, 0, 1, 1, 0, 1) | 0.00310559 | 1        | 0        |
+-----------------------------+------------+----------+----------+
| (1, 0, 1, 1, 0, 1, 1, 1, 1) | 0.0124224  | 0.75     | 0.25     |
+-----------------------------+------------+----------+----------+
| (1, 0, 1, 1, 1, 0, 0, 1, 0) | 0.00310559 | 0        | 1        |
+-----------------------------+------------+----------+----------+
| (1, 0, 1, 1, 1, 0, 0, 1, 1) | 0.00310559 | 0        | 1        |
+-----------------------------+------------+----------+----------+
| (1, 0, 1, 1, 1, 0, 1, 0, 0) | 0.00310559 | 0        | 1        |
+-----------------------------+------------+----------+----------+
| (1, 0, 1, 1, 1, 0, 1, 1, 0) | 0.00621118 | 0        | 1        |
+-----------------------------+------------+----------+----------+
| (1, 0, 1, 1, 1, 0, 1, 1, 1) | 0.00310559 | 0        | 1        |
+-----------------------------+------------+----------+----------+
| (1, 0, 1, 1, 1, 1, 0, 0, 1) | 0.00310559 | 1        | 0        |
+-----------------------------+------------+----------+----------+
| (1, 0, 1, 1, 1, 1, 0, 1, 0) | 0.00310559 | 0        | 1        |
+-----------------------------+------------+----------+----------+
| (1, 0, 1, 1, 1, 1, 0, 1, 1) | 0.00310559 | 0        | 1        |
+-----------------------------+------------+----------+----------+
| (1, 0, 1, 1, 1, 1, 1, 0, 1) | 0.00931677 | 0.666667 | 0.333333 |
+-----------------------------+------------+----------+----------+
| (1, 0, 1, 1, 1, 1, 1, 1, 0) | 0.00931677 | 0.333333 | 0.666667 |
+-----------------------------+------------+----------+----------+
| (1, 0, 1, 1, 1, 1, 1, 1, 1) | 0.00931677 | 0.666667 | 0.333333 |
+-----------------------------+------------+----------+----------+
| (1, 1, 0, 0, 1, 0, 0, 1, 0) | 0.00310559 | 0        | 1        |
+-----------------------------+------------+----------+----------+
| (1, 1, 0, 0, 1, 0, 0, 1, 1) | 0.00621118 | 0.5      | 0.5      |
+-----------------------------+------------+----------+----------+
| (1, 1, 0, 0, 1, 0, 1, 0, 0) | 0.00310559 | 0        | 1        |
+-----------------------------+------------+----------+----------+
| (1, 1, 0, 0, 1, 0, 1, 1, 0) | 0.00310559 | 1        | 0        |
+-----------------------------+------------+----------+----------+
| (1, 1, 0, 0, 1, 0, 1, 1, 1) | 0.00310559 | 1        | 0        |
+-----------------------------+------------+----------+----------+
| (1, 1, 0, 0, 1, 1, 0, 1, 0) | 0.00310559 | 0        | 1        |
+-----------------------------+------------+----------+----------+
| (1, 1, 0, 0, 1, 1, 0, 1, 1) | 0.00310559 | 1        | 0        |
+-----------------------------+------------+----------+----------+
| (1, 1, 0, 0, 1, 1, 1, 0, 1) | 0.0124224  | 0.25     | 0.75     |
+-----------------------------+------------+----------+----------+
| (1, 1, 0, 0, 1, 1, 1, 1, 0) | 0.00310559 | 1        | 0        |
+-----------------------------+------------+----------+----------+
| (1, 1, 0, 0, 1, 1, 1, 1, 1) | 0.0186335  | 0.333333 | 0.666667 |
+-----------------------------+------------+----------+----------+
| (1, 1, 0, 1, 0, 0, 1, 0, 0) | 0.00310559 | 0        | 1        |
+-----------------------------+------------+----------+----------+
| (1, 1, 0, 1, 0, 0, 1, 1, 1) | 0.00621118 | 0.5      | 0.5      |
+-----------------------------+------------+----------+----------+
| (1, 1, 0, 1, 0, 1, 0, 0, 1) | 0.00310559 | 1        | 0        |
+-----------------------------+------------+----------+----------+
| (1, 1, 0, 1, 0, 1, 0, 1, 1) | 0.00621118 | 0.5      | 0.5      |
+-----------------------------+------------+----------+----------+
| (1, 1, 0, 1, 0, 1, 1, 0, 1) | 0.00931677 | 0.333333 | 0.666667 |
+-----------------------------+------------+----------+----------+
| (1, 1, 0, 1, 0, 1, 1, 1, 1) | 0.00621118 | 0        | 1        |
+-----------------------------+------------+----------+----------+
| (1, 1, 0, 1, 1, 0, 0, 1, 0) | 0.00310559 | 0        | 1        |
+-----------------------------+------------+----------+----------+
| (1, 1, 0, 1, 1, 0, 0, 1, 1) | 0.00621118 | 0        | 1        |
+-----------------------------+------------+----------+----------+
| (1, 1, 0, 1, 1, 0, 1, 0, 1) | 0.00621118 | 0        | 1        |
+-----------------------------+------------+----------+----------+
| (1, 1, 0, 1, 1, 0, 1, 1, 0) | 0.00621118 | 0.5      | 0.5      |
+-----------------------------+------------+----------+----------+
| (1, 1, 0, 1, 1, 0, 1, 1, 1) | 0.00310559 | 1        | 0        |
+-----------------------------+------------+----------+----------+
| (1, 1, 0, 1, 1, 1, 0, 1, 1) | 0.00621118 | 0.5      | 0.5      |
+-----------------------------+------------+----------+----------+
| (1, 1, 0, 1, 1, 1, 1, 0, 0) | 0.00310559 | 0        | 1        |
+-----------------------------+------------+----------+----------+
| (1, 1, 0, 1, 1, 1, 1, 0, 1) | 0.0124224  | 0.25     | 0.75     |
+-----------------------------+------------+----------+----------+
| (1, 1, 0, 1, 1, 1, 1, 1, 0) | 0.00931677 | 0.333333 | 0.666667 |
+-----------------------------+------------+----------+----------+
| (1, 1, 0, 1, 1, 1, 1, 1, 1) | 0.00931677 | 0        | 1        |
+-----------------------------+------------+----------+----------+
| (1, 1, 1, 0, 0, 1, 0, 0, 1) | 0.0124224  | 0.75     | 0.25     |
+-----------------------------+------------+----------+----------+
| (1, 1, 1, 0, 0, 1, 0, 1, 1) | 0.00310559 | 0        | 1        |
+-----------------------------+------------+----------+----------+
| (1, 1, 1, 0, 0, 1, 1, 0, 0) | 0.00310559 | 0        | 1        |
+-----------------------------+------------+----------+----------+
| (1, 1, 1, 0, 0, 1, 1, 0, 1) | 0.00310559 | 0        | 1        |
+-----------------------------+------------+----------+----------+
| (1, 1, 1, 0, 0, 1, 1, 1, 0) | 0.00621118 | 0.5      | 0.5      |
+-----------------------------+------------+----------+----------+
| (1, 1, 1, 0, 0, 1, 1, 1, 1) | 0.00621118 | 0        | 1        |
+-----------------------------+------------+----------+----------+
| (1, 1, 1, 0, 1, 0, 0, 1, 0) | 0.00310559 | 0        | 1        |
+-----------------------------+------------+----------+----------+
| (1, 1, 1, 0, 1, 0, 0, 1, 1) | 0.00931677 | 0.666667 | 0.333333 |
+-----------------------------+------------+----------+----------+
| (1, 1, 1, 0, 1, 0, 1, 1, 1) | 0.00310559 | 0        | 1        |
+-----------------------------+------------+----------+----------+
| (1, 1, 1, 0, 1, 1, 0, 0, 1) | 0.00621118 | 0.5      | 0.5      |
+-----------------------------+------------+----------+----------+
| (1, 1, 1, 0, 1, 1, 0, 1, 0) | 0.00931677 | 0.333333 | 0.666667 |
+-----------------------------+------------+----------+----------+
| (1, 1, 1, 0, 1, 1, 0, 1, 1) | 0.00621118 | 0.5      | 0        |
+-----------------------------+------------+----------+----------+
| (1, 1, 1, 0, 1, 1, 1, 0, 0) | 0.00310559 | 0        | 1        |
+-----------------------------+------------+----------+----------+
| (1, 1, 1, 0, 1, 1, 1, 1, 0) | 0.00310559 | 0        | 1        |
+-----------------------------+------------+----------+----------+
| (1, 1, 1, 0, 1, 1, 1, 1, 1) | 0.0124224  | 0.25     | 0.75     |
+-----------------------------+------------+----------+----------+
| (1, 1, 1, 1, 0, 0, 1, 1, 1) | 0.00310559 | 0        | 1        |
+-----------------------------+------------+----------+----------+
| (1, 1, 1, 1, 0, 1, 0, 1, 1) | 0.00310559 | 0        | 1        |
+-----------------------------+------------+----------+----------+
| (1, 1, 1, 1, 0, 1, 1, 0, 0) | 0.00931677 | 0        | 1        |
+-----------------------------+------------+----------+----------+
| (1, 1, 1, 1, 0, 1, 1, 0, 1) | 0.00621118 | 0.5      | 0.5      |
+-----------------------------+------------+----------+----------+
| (1, 1, 1, 1, 0, 1, 1, 1, 1) | 0.0186335  | 0.166667 | 0.833333 |
+-----------------------------+------------+----------+----------+
| (1, 1, 1, 1, 1, 0, 0, 1, 0) | 0.00621118 | 0.5      | 0.5      |
+-----------------------------+------------+----------+----------+
| (1, 1, 1, 1, 1, 0, 0, 1, 1) | 0.015528   | 0        | 1        |
+-----------------------------+------------+----------+----------+
| (1, 1, 1, 1, 1, 0, 1, 0, 0) | 0.00310559 | 0        | 1        |
+-----------------------------+------------+----------+----------+
| (1, 1, 1, 1, 1, 0, 1, 0, 1) | 0.00310559 | 0        | 1        |
+-----------------------------+------------+----------+----------+
| (1, 1, 1, 1, 1, 0, 1, 1, 1) | 0.0124224  | 0.5      | 0.5      |
+-----------------------------+------------+----------+----------+
| (1, 1, 1, 1, 1, 1, 0, 0, 1) | 0.0124224  | 0.25     | 0.75     |
+-----------------------------+------------+----------+----------+
| (1, 1, 1, 1, 1, 1, 0, 1, 0) | 0.00621118 | 0        | 1        |
+-----------------------------+------------+----------+----------+
| (1, 1, 1, 1, 1, 1, 0, 1, 1) | 0.0124224  | 0.25     | 0.75     |
+-----------------------------+------------+----------+----------+
| (1, 1, 1, 1, 1, 1, 1, 0, 0) | 0.00621118 | 0        | 1        |
+-----------------------------+------------+----------+----------+
| (1, 1, 1, 1, 1, 1, 1, 0, 1) | 0.0124224  | 0.25     | 0.75     |
+-----------------------------+------------+----------+----------+
| (1, 1, 1, 1, 1, 1, 1, 1, 0) | 0.0217391  | 0.285714 | 0.714286 |
+-----------------------------+------------+----------+----------+
| (1, 1, 1, 1, 1, 1, 1, 1, 1) | 0.015528   | 0.6      | 0.4      |
+-----------------------------+------------+----------+----------+
Order: 10 
 +--------------------------------+------------+----------+----------+
| State                          |       P(i) |   P(0|i) |   P(1|i) |
+================================+============+==========+==========+
| (0, 0, 1, 0, 0, 1, 1, 0, 0, 1) | 0.00689655 | 0.5      | 0.5      |
+--------------------------------+------------+----------+----------+
| (0, 0, 1, 0, 0, 1, 1, 1, 0, 0) | 0.00344828 | 0        | 1        |
+--------------------------------+------------+----------+----------+
| (0, 0, 1, 0, 0, 1, 1, 1, 0, 1) | 0.00689655 | 0.5      | 0.5      |
+--------------------------------+------------+----------+----------+
| (0, 0, 1, 0, 0, 1, 1, 1, 1, 1) | 0.00344828 | 1        | 0        |
+--------------------------------+------------+----------+----------+
| (0, 0, 1, 0, 1, 0, 0, 1, 1, 1) | 0.00344828 | 1        | 0        |
+--------------------------------+------------+----------+----------+
| (0, 0, 1, 0, 1, 0, 1, 0, 0, 1) | 0.00344828 | 1        | 0        |
+--------------------------------+------------+----------+----------+
| (0, 0, 1, 0, 1, 0, 1, 0, 1, 1) | 0.00344828 | 1        | 0        |
+--------------------------------+------------+----------+----------+
| (0, 0, 1, 0, 1, 0, 1, 1, 0, 0) | 0.00344828 | 0        | 1        |
+--------------------------------+------------+----------+----------+
| (0, 0, 1, 0, 1, 1, 1, 1, 0, 0) | 0.00344828 | 0        | 1        |
+--------------------------------+------------+----------+----------+
| (0, 0, 1, 0, 1, 1, 1, 1, 1, 0) | 0.00344828 | 0        | 1        |
+--------------------------------+------------+----------+----------+
| (0, 0, 1, 0, 1, 1, 1, 1, 1, 1) | 0.00344828 | 0        | 1        |
+--------------------------------+------------+----------+----------+
| (0, 0, 1, 1, 0, 0, 1, 1, 0, 1) | 0.00689655 | 0        | 1        |
+--------------------------------+------------+----------+----------+
| (0, 0, 1, 1, 0, 1, 0, 1, 1, 0) | 0.00344828 | 0        | 1        |
+--------------------------------+------------+----------+----------+
| (0, 0, 1, 1, 0, 1, 1, 0, 0, 1) | 0.00344828 | 0        | 1        |
+--------------------------------+------------+----------+----------+
| (0, 0, 1, 1, 0, 1, 1, 1, 1, 1) | 0.0103448  | 0.666667 | 0.333333 |
+--------------------------------+------------+----------+----------+
| (0, 0, 1, 1, 1, 0, 0, 1, 0, 1) | 0.00344828 | 0        | 1        |
+--------------------------------+------------+----------+----------+
| (0, 0, 1, 1, 1, 0, 1, 1, 0, 0) | 0.00344828 | 0        | 1        |
+--------------------------------+------------+----------+----------+
| (0, 0, 1, 1, 1, 0, 1, 1, 1, 1) | 0.00344828 | 1        | 0        |
+--------------------------------+------------+----------+----------+
| (0, 0, 1, 1, 1, 1, 0, 0, 1, 0) | 0.00344828 | 0        | 1        |
+--------------------------------+------------+----------+----------+
| (0, 0, 1, 1, 1, 1, 0, 0, 1, 1) | 0.00344828 | 1        | 0        |
+--------------------------------+------------+----------+----------+
| (0, 0, 1, 1, 1, 1, 0, 1, 0, 1) | 0.00344828 | 0        | 1        |
+--------------------------------+------------+----------+----------+
| (0, 0, 1, 1, 1, 1, 0, 1, 1, 0) | 0.00344828 | 0        | 1        |
+--------------------------------+------------+----------+----------+
| (0, 0, 1, 1, 1, 1, 1, 0, 0, 1) | 0.00344828 | 0        | 1        |
+--------------------------------+------------+----------+----------+
| (0, 0, 1, 1, 1, 1, 1, 0, 1, 1) | 0.00689655 | 0        | 1        |
+--------------------------------+------------+----------+----------+
| (0, 0, 1, 1, 1, 1, 1, 1, 0, 1) | 0.00344828 | 1        | 0        |
+--------------------------------+------------+----------+----------+
| (0, 0, 1, 1, 1, 1, 1, 1, 1, 0) | 0.00689655 | 0        | 1        |
+--------------------------------+------------+----------+----------+
| (0, 0, 1, 1, 1, 1, 1, 1, 1, 1) | 0.00344828 | 1        | 0        |
+--------------------------------+------------+----------+----------+
| (0, 1, 0, 0, 1, 0, 0, 1, 0, 1) | 0.00344828 | 1        | 0        |
+--------------------------------+------------+----------+----------+
| (0, 1, 0, 0, 1, 0, 1, 0, 1, 0) | 0.00344828 | 0        | 1        |
+--------------------------------+------------+----------+----------+
| (0, 1, 0, 0, 1, 0, 1, 1, 0, 0) | 0.00344828 | 0        | 1        |
+--------------------------------+------------+----------+----------+
| (0, 1, 0, 0, 1, 1, 0, 1, 0, 0) | 0.00344828 | 0        | 1        |
+--------------------------------+------------+----------+----------+
| (0, 1, 0, 0, 1, 1, 0, 1, 1, 0) | 0.00344828 | 0        | 1        |
+--------------------------------+------------+----------+----------+
| (0, 1, 0, 0, 1, 1, 1, 0, 0, 1) | 0.00689655 | 1        | 0        |
+--------------------------------+------------+----------+----------+
| (0, 1, 0, 0, 1, 1, 1, 0, 1, 1) | 0.00344828 | 1        | 0        |
+--------------------------------+------------+----------+----------+
| (0, 1, 0, 0, 1, 1, 1, 1, 1, 1) | 0.00344828 | 0        | 1        |
+--------------------------------+------------+----------+----------+
| (0, 1, 0, 1, 0, 0, 1, 0, 0, 1) | 0.00344828 | 1        | 0        |
+--------------------------------+------------+----------+----------+
| (0, 1, 0, 1, 0, 1, 1, 0, 0, 1) | 0.00344828 | 0        | 1        |
+--------------------------------+------------+----------+----------+
| (0, 1, 0, 1, 0, 1, 1, 1, 0, 1) | 0.00689655 | 0        | 1        |
+--------------------------------+------------+----------+----------+
| (0, 1, 0, 1, 0, 1, 1, 1, 1, 0) | 0.00344828 | 1        | 0        |
+--------------------------------+------------+----------+----------+
| (0, 1, 0, 1, 1, 0, 0, 1, 1, 1) | 0.00344828 | 1        | 0        |
+--------------------------------+------------+----------+----------+
| (0, 1, 0, 1, 1, 0, 1, 1, 0, 1) | 0.00344828 | 1        | 0        |
+--------------------------------+------------+----------+----------+
| (0, 1, 0, 1, 1, 1, 0, 1, 1, 1) | 0.00344828 | 0        | 1        |
+--------------------------------+------------+----------+----------+
| (0, 1, 0, 1, 1, 1, 1, 1, 1, 0) | 0.00344828 | 0        | 1        |
+--------------------------------+------------+----------+----------+
| (0, 1, 0, 1, 1, 1, 1, 1, 1, 1) | 0.00689655 | 0        | 1        |
+--------------------------------+------------+----------+----------+
| (0, 1, 1, 0, 0, 1, 0, 1, 1, 0) | 0.00344828 | 0        | 1        |
+--------------------------------+------------+----------+----------+
| (0, 1, 1, 0, 0, 1, 0, 1, 1, 1) | 0.00344828 | 0        | 1        |
+--------------------------------+------------+----------+----------+
| (0, 1, 1, 0, 0, 1, 1, 0, 0, 1) | 0.00344828 | 1        | 0        |
+--------------------------------+------------+----------+----------+
| (0, 1, 1, 0, 0, 1, 1, 1, 0, 0) | 0.00344828 | 0        | 1        |
+--------------------------------+------------+----------+----------+
| (0, 1, 1, 0, 0, 1, 1, 1, 1, 1) | 0.00344828 | 0        | 1        |
+--------------------------------+------------+----------+----------+
| (0, 1, 1, 0, 1, 0, 1, 1, 1, 1) | 0.00344828 | 0        | 1        |
+--------------------------------+------------+----------+----------+
| (0, 1, 1, 0, 1, 1, 0, 1, 1, 1) | 0.00344828 | 1        | 0        |
+--------------------------------+------------+----------+----------+
| (0, 1, 1, 0, 1, 1, 1, 0, 1, 1) | 0.00344828 | 1        | 0        |
+--------------------------------+------------+----------+----------+
| (0, 1, 1, 0, 1, 1, 1, 1, 0, 1) | 0.00344828 | 0        | 1        |
+--------------------------------+------------+----------+----------+
| (0, 1, 1, 0, 1, 1, 1, 1, 1, 0) | 0.00344828 | 0        | 1        |
+--------------------------------+------------+----------+----------+
| (0, 1, 1, 0, 1, 1, 1, 1, 1, 1) | 0.00344828 | 1        | 0        |
+--------------------------------+------------+----------+----------+
| (0, 1, 1, 1, 0, 0, 1, 0, 1, 0) | 0.00344828 | 0        | 1        |
+--------------------------------+------------+----------+----------+
| (0, 1, 1, 1, 0, 0, 1, 1, 0, 0) | 0.00344828 | 0        | 1        |
+--------------------------------+------------+----------+----------+
| (0, 1, 1, 1, 0, 0, 1, 1, 1, 0) | 0.00689655 | 1        | 0        |
+--------------------------------+------------+----------+----------+
| (0, 1, 1, 1, 0, 1, 1, 0, 1, 1) | 0.00344828 | 0        | 0        |
+--------------------------------+------------+----------+----------+
| (0, 1, 1, 1, 0, 1, 1, 1, 0, 1) | 0.00344828 | 0        | 1        |
+--------------------------------+------------+----------+----------+
| (0, 1, 1, 1, 0, 1, 1, 1, 1, 1) | 0.00689655 | 0.5      | 0.5      |
+--------------------------------+------------+----------+----------+
| (0, 1, 1, 1, 1, 0, 0, 1, 0, 0) | 0.00344828 | 0        | 1        |
+--------------------------------+------------+----------+----------+
| (0, 1, 1, 1, 1, 0, 0, 1, 0, 1) | 0.00344828 | 0        | 1        |
+--------------------------------+------------+----------+----------+
| (0, 1, 1, 1, 1, 0, 0, 1, 1, 0) | 0.0103448  | 0.333333 | 0.666667 |
+--------------------------------+------------+----------+----------+
| (0, 1, 1, 1, 1, 0, 1, 0, 1, 0) | 0.00344828 | 1        | 0        |
+--------------------------------+------------+----------+----------+
| (0, 1, 1, 1, 1, 0, 1, 1, 0, 0) | 0.00344828 | 0        | 1        |
+--------------------------------+------------+----------+----------+
| (0, 1, 1, 1, 1, 0, 1, 1, 1, 0) | 0.00344828 | 1        | 0        |
+--------------------------------+------------+----------+----------+
| (0, 1, 1, 1, 1, 1, 0, 0, 1, 1) | 0.0103448  | 0.666667 | 0.333333 |
+--------------------------------+------------+----------+----------+
| (0, 1, 1, 1, 1, 1, 0, 1, 0, 0) | 0.00344828 | 0        | 1        |
+--------------------------------+------------+----------+----------+
| (0, 1, 1, 1, 1, 1, 0, 1, 0, 1) | 0.00344828 | 0        | 1        |
+--------------------------------+------------+----------+----------+
| (0, 1, 1, 1, 1, 1, 0, 1, 1, 0) | 0.00344828 | 0        | 1        |
+--------------------------------+------------+----------+----------+
| (0, 1, 1, 1, 1, 1, 1, 0, 0, 1) | 0.00344828 | 1        | 0        |
+--------------------------------+------------+----------+----------+
| (0, 1, 1, 1, 1, 1, 1, 0, 1, 0) | 0.00689655 | 0        | 1        |
+--------------------------------+------------+----------+----------+
| (0, 1, 1, 1, 1, 1, 1, 1, 0, 0) | 0.00689655 | 0        | 1        |
+--------------------------------+------------+----------+----------+
| (0, 1, 1, 1, 1, 1, 1, 1, 1, 1) | 0.00689655 | 0        | 1        |
+--------------------------------+------------+----------+----------+
| (1, 0, 0, 1, 0, 0, 1, 0, 1, 1) | 0.00689655 | 0        | 1        |
+--------------------------------+------------+----------+----------+
| (1, 0, 0, 1, 0, 0, 1, 1, 0, 1) | 0.00344828 | 0        | 1        |
+--------------------------------+------------+----------+----------+
| (1, 0, 0, 1, 0, 0, 1, 1, 1, 0) | 0.00344828 | 0        | 1        |
+--------------------------------+------------+----------+----------+
| (1, 0, 0, 1, 0, 0, 1, 1, 1, 1) | 0.00344828 | 0        | 1        |
+--------------------------------+------------+----------+----------+
| (1, 0, 0, 1, 0, 1, 0, 1, 1, 1) | 0.00344828 | 0        | 1        |
+--------------------------------+------------+----------+----------+
| (1, 0, 0, 1, 0, 1, 1, 1, 0, 0) | 0.00344828 | 0        | 1        |
+--------------------------------+------------+----------+----------+
| (1, 0, 0, 1, 0, 1, 1, 1, 0, 1) | 0.00689655 | 0.5      | 0.5      |
+--------------------------------+------------+----------+----------+
| (1, 0, 0, 1, 1, 0, 0, 1, 0, 0) | 0.00344828 | 0        | 1        |
+--------------------------------+------------+----------+----------+
| (1, 0, 0, 1, 1, 0, 1, 0, 0, 1) | 0.00344828 | 0        | 1        |
+--------------------------------+------------+----------+----------+
| (1, 0, 0, 1, 1, 0, 1, 0, 1, 0) | 0.00344828 | 1        | 0        |
+--------------------------------+------------+----------+----------+
| (1, 0, 0, 1, 1, 0, 1, 0, 1, 1) | 0.00689655 | 1        | 0        |
+--------------------------------+------------+----------+----------+
| (1, 0, 0, 1, 1, 0, 1, 1, 0, 1) | 0.0137931  | 0.25     | 0.75     |
+--------------------------------+------------+----------+----------+
| (1, 0, 0, 1, 1, 0, 1, 1, 1, 0) | 0.00344828 | 1        | 0        |
+--------------------------------+------------+----------+----------+
| (1, 0, 0, 1, 1, 1, 0, 1, 0, 1) | 0.00344828 | 0        | 1        |
+--------------------------------+------------+----------+----------+
| (1, 0, 0, 1, 1, 1, 0, 1, 1, 0) | 0.00344828 | 1        | 0        |
+--------------------------------+------------+----------+----------+
| (1, 0, 0, 1, 1, 1, 0, 1, 1, 1) | 0.0103448  | 0.333333 | 0.666667 |
+--------------------------------+------------+----------+----------+
| (1, 0, 0, 1, 1, 1, 1, 0, 1, 0) | 0.00344828 | 1        | 0        |
+--------------------------------+------------+----------+----------+
| (1, 0, 0, 1, 1, 1, 1, 0, 1, 1) | 0.00344828 | 0        | 1        |
+--------------------------------+------------+----------+----------+
| (1, 0, 0, 1, 1, 1, 1, 1, 0, 1) | 0.0103448  | 0.333333 | 0.666667 |
+--------------------------------+------------+----------+----------+
| (1, 0, 0, 1, 1, 1, 1, 1, 1, 0) | 0.00689655 | 0        | 1        |
+--------------------------------+------------+----------+----------+
| (1, 0, 0, 1, 1, 1, 1, 1, 1, 1) | 0.0103448  | 0.666667 | 0.333333 |
+--------------------------------+------------+----------+----------+
| (1, 0, 1, 0, 0, 1, 0, 0, 1, 0) | 0.00344828 | 0        | 1        |
+--------------------------------+------------+----------+----------+
| (1, 0, 1, 0, 0, 1, 1, 0, 0, 1) | 0.00344828 | 0        | 1        |
+--------------------------------+------------+----------+----------+
| (1, 0, 1, 0, 0, 1, 1, 1, 0, 1) | 0.00344828 | 0        | 1        |
+--------------------------------+------------+----------+----------+
| (1, 0, 1, 0, 0, 1, 1, 1, 1, 0) | 0.00689655 | 0.5      | 0.5      |
+--------------------------------+------------+----------+----------+
| (1, 0, 1, 0, 1, 0, 0, 1, 1, 0) | 0.00344828 | 0        | 1        |
+--------------------------------+------------+----------+----------+
| (1, 0, 1, 0, 1, 0, 0, 1, 1, 1) | 0.00344828 | 0        | 1        |
+--------------------------------+------------+----------+----------+
| (1, 0, 1, 0, 1, 0, 1, 0, 0, 1) | 0.00344828 | 1        | 0        |
+--------------------------------+------------+----------+----------+
| (1, 0, 1, 0, 1, 0, 1, 1, 1, 1) | 0.00344828 | 0        | 1        |
+--------------------------------+------------+----------+----------+
| (1, 0, 1, 0, 1, 1, 0, 0, 1, 1) | 0.00344828 | 0        | 1        |
+--------------------------------+------------+----------+----------+
| (1, 0, 1, 0, 1, 1, 0, 1, 1, 0) | 0.00344828 | 0        | 1        |
+--------------------------------+------------+----------+----------+
| (1, 0, 1, 0, 1, 1, 1, 1, 0, 1) | 0.00344828 | 1        | 0        |
+--------------------------------+------------+----------+----------+
| (1, 0, 1, 0, 1, 1, 1, 1, 1, 0) | 0.00344828 | 1        | 0        |
+--------------------------------+------------+----------+----------+
| (1, 0, 1, 0, 1, 1, 1, 1, 1, 1) | 0.00344828 | 1        | 0        |
+--------------------------------+------------+----------+----------+
| (1, 0, 1, 1, 0, 0, 1, 0, 0, 1) | 0.00344828 | 0        | 1        |
+--------------------------------+------------+----------+----------+
| (1, 0, 1, 1, 0, 0, 1, 0, 1, 0) | 0.00344828 | 0        | 1        |
+--------------------------------+------------+----------+----------+
| (1, 0, 1, 1, 0, 1, 0, 1, 0, 0) | 0.00344828 | 0        | 1        |
+--------------------------------+------------+----------+----------+
| (1, 0, 1, 1, 0, 1, 0, 1, 1, 0) | 0.00344828 | 1        | 0        |
+--------------------------------+------------+----------+----------+
| (1, 0, 1, 1, 0, 1, 1, 0, 0, 1) | 0.00344828 | 0        | 1        |
+--------------------------------+------------+----------+----------+
| (1, 0, 1, 1, 0, 1, 1, 0, 1, 0) | 0.00344828 | 0        | 1        |
+--------------------------------+------------+----------+----------+
| (1, 0, 1, 1, 0, 1, 1, 1, 1, 1) | 0.00689655 | 1        | 0        |
+--------------------------------+------------+----------+----------+
| (1, 0, 1, 1, 1, 0, 0, 1, 0, 0) | 0.00344828 | 0        | 1        |
+--------------------------------+------------+----------+----------+
| (1, 0, 1, 1, 1, 0, 0, 1, 1, 0) | 0.00344828 | 0        | 1        |
+--------------------------------+------------+----------+----------+
| (1, 0, 1, 1, 1, 0, 0, 1, 1, 1) | 0.00689655 | 0        | 1        |
+--------------------------------+------------+----------+----------+
| (1, 0, 1, 1, 1, 0, 1, 0, 0, 1) | 0.00344828 | 1        | 0        |
+--------------------------------+------------+----------+----------+
| (1, 0, 1, 1, 1, 0, 1, 1, 1, 0) | 0.00344828 | 0        | 1        |
+--------------------------------+------------+----------+----------+
| (1, 0, 1, 1, 1, 0, 1, 1, 1, 1) | 0.00344828 | 1        | 0        |
+--------------------------------+------------+----------+----------+
| (1, 0, 1, 1, 1, 1, 0, 1, 1, 1) | 0.00689655 | 0.5      | 0.5      |
+--------------------------------+------------+----------+----------+
| (1, 0, 1, 1, 1, 1, 1, 1, 0, 0) | 0.00344828 | 0        | 1        |
+--------------------------------+------------+----------+----------+
| (1, 0, 1, 1, 1, 1, 1, 1, 1, 0) | 0.00344828 | 1        | 0        |
+--------------------------------+------------+----------+----------+
| (1, 0, 1, 1, 1, 1, 1, 1, 1, 1) | 0.0206897  | 0.166667 | 0.833333 |
+--------------------------------+------------+----------+----------+
| (1, 1, 0, 0, 1, 0, 0, 1, 0, 1) | 0.00689655 | 0.5      | 0.5      |
+--------------------------------+------------+----------+----------+
| (1, 1, 0, 0, 1, 0, 0, 1, 1, 0) | 0.00689655 | 0.5      | 0.5      |
+--------------------------------+------------+----------+----------+
| (1, 1, 0, 0, 1, 0, 1, 0, 0, 1) | 0.00344828 | 0        | 1        |
+--------------------------------+------------+----------+----------+
| (1, 1, 0, 0, 1, 0, 1, 0, 1, 0) | 0.00344828 | 0        | 1        |
+--------------------------------+------------+----------+----------+
| (1, 1, 0, 0, 1, 0, 1, 1, 1, 1) | 0.00344828 | 0        | 1        |
+--------------------------------+------------+----------+----------+
| (1, 1, 0, 0, 1, 1, 0, 0, 1, 1) | 0.00344828 | 0        | 1        |
+--------------------------------+------------+----------+----------+
| (1, 1, 0, 0, 1, 1, 0, 1, 1, 1) | 0.00344828 | 0        | 1        |
+--------------------------------+------------+----------+----------+
| (1, 1, 0, 0, 1, 1, 1, 0, 0, 1) | 0.00344828 | 1        | 0        |
+--------------------------------+------------+----------+----------+
| (1, 1, 0, 0, 1, 1, 1, 0, 1, 0) | 0.00344828 | 0        | 1        |
+--------------------------------+------------+----------+----------+
| (1, 1, 0, 0, 1, 1, 1, 1, 0, 1) | 0.0103448  | 0        | 1        |
+--------------------------------+------------+----------+----------+
| (1, 1, 0, 0, 1, 1, 1, 1, 1, 0) | 0.00344828 | 0        | 1        |
+--------------------------------+------------+----------+----------+
| (1, 1, 0, 0, 1, 1, 1, 1, 1, 1) | 0.00344828 | 0        | 1        |
+--------------------------------+------------+----------+----------+
| (1, 1, 0, 1, 0, 0, 1, 1, 0, 0) | 0.00344828 | 0        | 1        |
+--------------------------------+------------+----------+----------+
| (1, 1, 0, 1, 0, 1, 0, 0, 1, 1) | 0.00344828 | 0        | 1        |
+--------------------------------+------------+----------+----------+
| (1, 1, 0, 1, 0, 1, 0, 1, 0, 0) | 0.00344828 | 0        | 1        |
+--------------------------------+------------+----------+----------+
| (1, 1, 0, 1, 0, 1, 0, 1, 0, 1) | 0.00344828 | 1        | 0        |
+--------------------------------+------------+----------+----------+
| (1, 1, 0, 1, 0, 1, 0, 1, 1, 0) | 0.00344828 | 1        | 0        |
+--------------------------------+------------+----------+----------+
| (1, 1, 0, 1, 0, 1, 1, 0, 0, 1) | 0.00344828 | 1        | 0        |
+--------------------------------+------------+----------+----------+
| (1, 1, 0, 1, 0, 1, 1, 0, 1, 0) | 0.00344828 | 0        | 1        |
+--------------------------------+------------+----------+----------+
| (1, 1, 0, 1, 0, 1, 1, 1, 1, 1) | 0.00689655 | 0        | 1        |
+--------------------------------+------------+----------+----------+
| (1, 1, 0, 1, 1, 0, 0, 1, 0, 1) | 0.00344828 | 0        | 1        |
+--------------------------------+------------+----------+----------+
| (1, 1, 0, 1, 1, 0, 0, 1, 1, 0) | 0.00344828 | 1        | 0        |
+--------------------------------+------------+----------+----------+
| (1, 1, 0, 1, 1, 0, 1, 0, 0, 1) | 0.00344828 | 0        | 1        |
+--------------------------------+------------+----------+----------+
| (1, 1, 0, 1, 1, 0, 1, 1, 0, 0) | 0.00689655 | 0        | 1        |
+--------------------------------+------------+----------+----------+
| (1, 1, 0, 1, 1, 0, 1, 1, 0, 1) | 0.00344828 | 1        | 0        |
+--------------------------------+------------+----------+----------+
| (1, 1, 0, 1, 1, 1, 1, 0, 0, 1) | 0.00344828 | 0        | 1        |
+--------------------------------+------------+----------+----------+
| (1, 1, 0, 1, 1, 1, 1, 0, 1, 1) | 0.00689655 | 0.5      | 0.5      |
+--------------------------------+------------+----------+----------+
| (1, 1, 0, 1, 1, 1, 1, 1, 0, 0) | 0.00344828 | 0        | 1        |
+--------------------------------+------------+----------+----------+
| (1, 1, 0, 1, 1, 1, 1, 1, 0, 1) | 0.0103448  | 0.333333 | 0.666667 |
+--------------------------------+------------+----------+----------+
| (1, 1, 0, 1, 1, 1, 1, 1, 1, 0) | 0.00689655 | 0        | 1        |
+--------------------------------+------------+----------+----------+
| (1, 1, 1, 0, 0, 1, 0, 1, 1, 0) | 0.00344828 | 0        | 1        |
+--------------------------------+------------+----------+----------+
| (1, 1, 1, 0, 0, 1, 0, 1, 1, 1) | 0.00344828 | 0        | 1        |
+--------------------------------+------------+----------+----------+
| (1, 1, 1, 0, 0, 1, 1, 0, 1, 1) | 0.0103448  | 0.666667 | 0.333333 |
+--------------------------------+------------+----------+----------+
| (1, 1, 1, 0, 0, 1, 1, 1, 0, 0) | 0.00344828 | 0        | 1        |
+--------------------------------+------------+----------+----------+
| (1, 1, 1, 0, 0, 1, 1, 1, 0, 1) | 0.00689655 | 0.5      | 0.5      |
+--------------------------------+------------+----------+----------+
| (1, 1, 1, 0, 0, 1, 1, 1, 1, 1) | 0.00344828 | 0        | 1        |
+--------------------------------+------------+----------+----------+
| (1, 1, 1, 0, 1, 0, 1, 0, 1, 1) | 0.00344828 | 1        | 0        |
+--------------------------------+------------+----------+----------+
| (1, 1, 1, 0, 1, 0, 1, 1, 1, 1) | 0.00344828 | 0        | 1        |
+--------------------------------+------------+----------+----------+
| (1, 1, 1, 0, 1, 1, 0, 0, 1, 1) | 0.00344828 | 0        | 1        |
+--------------------------------+------------+----------+----------+
| (1, 1, 1, 0, 1, 1, 0, 1, 0, 1) | 0.00344828 | 0        | 1        |
+--------------------------------+------------+----------+----------+
| (1, 1, 1, 0, 1, 1, 0, 1, 1, 1) | 0.00344828 | 1        | 0        |
+--------------------------------+------------+----------+----------+
| (1, 1, 1, 0, 1, 1, 1, 0, 1, 0) | 0.00344828 | 0        | 1        |
+--------------------------------+------------+----------+----------+
| (1, 1, 1, 0, 1, 1, 1, 1, 0, 1) | 0.00344828 | 0        | 1        |
+--------------------------------+------------+----------+----------+
| (1, 1, 1, 0, 1, 1, 1, 1, 1, 0) | 0.00344828 | 0        | 1        |
+--------------------------------+------------+----------+----------+
| (1, 1, 1, 0, 1, 1, 1, 1, 1, 1) | 0.0241379  | 0.285714 | 0.714286 |
+--------------------------------+------------+----------+----------+
| (1, 1, 1, 1, 0, 0, 1, 0, 0, 1) | 0.00344828 | 0        | 1        |
+--------------------------------+------------+----------+----------+
| (1, 1, 1, 1, 0, 0, 1, 0, 1, 1) | 0.00689655 | 0        | 1        |
+--------------------------------+------------+----------+----------+
| (1, 1, 1, 1, 0, 0, 1, 1, 0, 1) | 0.00689655 | 1        | 0        |
+--------------------------------+------------+----------+----------+
| (1, 1, 1, 1, 0, 0, 1, 1, 1, 0) | 0.00344828 | 0        | 1        |
+--------------------------------+------------+----------+----------+
| (1, 1, 1, 1, 0, 0, 1, 1, 1, 1) | 0.00689655 | 0        | 1        |
+--------------------------------+------------+----------+----------+
| (1, 1, 1, 1, 0, 1, 0, 0, 1, 0) | 0.00344828 | 1        | 0        |
+--------------------------------+------------+----------+----------+
| (1, 1, 1, 1, 0, 1, 1, 0, 0, 1) | 0.00344828 | 0        | 1        |
+--------------------------------+------------+----------+----------+
| (1, 1, 1, 1, 0, 1, 1, 0, 1, 1) | 0.00344828 | 0        | 1        |
+--------------------------------+------------+----------+----------+
| (1, 1, 1, 1, 0, 1, 1, 1, 0, 1) | 0.00344828 | 0        | 1        |
+--------------------------------+------------+----------+----------+
| (1, 1, 1, 1, 0, 1, 1, 1, 1, 0) | 0.00344828 | 0        | 1        |
+--------------------------------+------------+----------+----------+
| (1, 1, 1, 1, 0, 1, 1, 1, 1, 1) | 0.0103448  | 0.333333 | 0.666667 |
+--------------------------------+------------+----------+----------+
| (1, 1, 1, 1, 1, 0, 0, 1, 0, 0) | 0.00344828 | 0        | 1        |
+--------------------------------+------------+----------+----------+
| (1, 1, 1, 1, 1, 0, 0, 1, 0, 1) | 0.00344828 | 0        | 1        |
+--------------------------------+------------+----------+----------+
| (1, 1, 1, 1, 1, 0, 0, 1, 1, 0) | 0.0103448  | 0.666667 | 0.333333 |
+--------------------------------+------------+----------+----------+
| (1, 1, 1, 1, 1, 0, 0, 1, 1, 1) | 0.0103448  | 0        | 1        |
+--------------------------------+------------+----------+----------+
| (1, 1, 1, 1, 1, 0, 1, 0, 0, 1) | 0.0103448  | 0.666667 | 0.333333 |
+--------------------------------+------------+----------+----------+
| (1, 1, 1, 1, 1, 0, 1, 0, 1, 0) | 0.00344828 | 0        | 1        |
+--------------------------------+------------+----------+----------+
| (1, 1, 1, 1, 1, 0, 1, 0, 1, 1) | 0.00344828 | 0        | 1        |
+--------------------------------+------------+----------+----------+
| (1, 1, 1, 1, 1, 0, 1, 1, 0, 0) | 0.00689655 | 0        | 1        |
+--------------------------------+------------+----------+----------+
| (1, 1, 1, 1, 1, 0, 1, 1, 0, 1) | 0.00344828 | 1        | 0        |
+--------------------------------+------------+----------+----------+
| (1, 1, 1, 1, 1, 0, 1, 1, 1, 0) | 0.00344828 | 0        | 1        |
+--------------------------------+------------+----------+----------+
| (1, 1, 1, 1, 1, 0, 1, 1, 1, 1) | 0.00344828 | 0        | 1        |
+--------------------------------+------------+----------+----------+
| (1, 1, 1, 1, 1, 1, 0, 0, 1, 0) | 0.00689655 | 1        | 0        |
+--------------------------------+------------+----------+----------+
| (1, 1, 1, 1, 1, 1, 0, 0, 1, 1) | 0.00344828 | 1        | 0        |
+--------------------------------+------------+----------+----------+
| (1, 1, 1, 1, 1, 1, 0, 1, 0, 1) | 0.00344828 | 0        | 1        |
+--------------------------------+------------+----------+----------+
| (1, 1, 1, 1, 1, 1, 0, 1, 1, 0) | 0.00344828 | 0        | 1        |
+--------------------------------+------------+----------+----------+
| (1, 1, 1, 1, 1, 1, 0, 1, 1, 1) | 0.0103448  | 0.333333 | 0.666667 |
+--------------------------------+------------+----------+----------+
| (1, 1, 1, 1, 1, 1, 1, 0, 0, 1) | 0.00689655 | 0        | 1        |
+--------------------------------+------------+----------+----------+
| (1, 1, 1, 1, 1, 1, 1, 0, 1, 0) | 0.00344828 | 1        | 0        |
+--------------------------------+------------+----------+----------+
| (1, 1, 1, 1, 1, 1, 1, 0, 1, 1) | 0.0103448  | 0.333333 | 0.666667 |
+--------------------------------+------------+----------+----------+
| (1, 1, 1, 1, 1, 1, 1, 1, 0, 0) | 0.00344828 | 0        | 1        |
+--------------------------------+------------+----------+----------+
| (1, 1, 1, 1, 1, 1, 1, 1, 0, 1) | 0.00689655 | 0        | 1        |
+--------------------------------+------------+----------+----------+
| (1, 1, 1, 1, 1, 1, 1, 1, 1, 0) | 0.0103448  | 0.666667 | 0.333333 |
+--------------------------------+------------+----------+----------+
| (1, 1, 1, 1, 1, 1, 1, 1, 1, 1) | 0.0137931  | 0.5      | 0.5      |
+--------------------------------+------------+----------+----------+
